1421   
      1      2      1  1.834361e-006  3.261260e-002  1.944588e-005
      2     11      1  3.245794e-006  3.368873e-002  1.609383e-005
      3     -1      1  3.784610e-006  3.433896e-002  1.797950e-005
      4      3      2  1.750937e-006  3.197129e-002  2.094079e-005
      5    102      2  1.740565e-006  3.044002e-002  2.033699e-005
      6     93      3  2.572010e-006  3.565146e-002  1.896837e-005
      7    903      3  2.839281e-006  2.912753e-002  1.815739e-005
      8      5      4  3.394969e-006  2.370209e-002  1.492316e-005
      9     94      4  1.132074e-006  3.210709e-002  1.295072e-005
     10    904      4  2.484638e-006  2.957806e-002  1.276519e-005
     11      6      5  4.877408e-006  3.479690e-002  1.631299e-005
     12     15      5  1.896186e-006  2.448110e-002  1.455007e-005
     13     95      5  2.689280e-006  3.095017e-002  1.571033e-005
     14      7      6  7.153914e-007  3.481370e-002  2.020281e-005
     15     16      6  4.548477e-006  2.731112e-002  1.789048e-005
     16    906      6  9.364278e-007  3.422464e-002  1.832248e-005
     17     17      7  3.065168e-006  2.717638e-002  1.663518e-005
     18    907      7  2.776773e-006  3.910269e-002  1.720040e-005
     19     18      8  3.196701e-006  3.259505e-002  1.599044e-005
     20    108      8  1.131462e-006  3.308416e-002  1.707265e-005
     21    908      8  7.873157e-007  3.810615e-002  1.601170e-005
     22     19      9  4.864835e-006  3.244166e-002  1.855617e-005
     23     99      9  3.692031e-006  3.516334e-002  2.038296e-005
     24      0     10  2.879238e-006  3.073543e-002  2.049886e-005
     25     20     10  8.959213e-007  6.250000e-002  1.867281e-005
     26    110     10  3.791595e-006  2.871469e-002  2.000569e-005
     27    910     10  4.381496e-006  3.310400e-002  1.996203e-005
     28     21     11  3.258582e-007  2.815990e-002  1.644267e-005
     29    111     11  3.109522e-006  3.359574e-002  1.415184e-005
     30     -1     11  3.036396e-006  3.007269e-002  1.592130e-005
     31    911     11  5.952631e-007  2.927955e-002  1.925589e-005
     32     22     12  4.141637e-006  2.959692e-002  1.899637e-005
     33    112     12  3.378229e-006  3.127393e-002  1.514756e-005
     34    912     12  4.337352e-006  2.892416e-002  1.289403e-005
     35    913     13  2.907583e-006  2.832451e-002  1.810680e-005
     36     24     14  4.178705e-006  3.027277e-002  1.813320e-005
     37    914     14  3.870748e-006  3.123034e-002  1.646045e-005
     38     16     15  1.392368e-006  3.224887e-002  1.424490e-005
     39    115     15  2.773807e-006  3.142268e-002  1.012684e-005
     40     26     16  4.519214e-006  7.957747e-002  1.844858e-005
     41    116     16  3.190850e-006  3.035336e-002  1.843402e-005
     42    119     19  4.271187e-006  3.139403e-002  2.053421e-005
     43      0     20  4.470846e-006  3.098393e-002  1.844299e-005
     44    120     20  2.277438e-006  2.643417e-002  1.687596e-005
     45     22     21  3.496659e-007  2.671386e-002  2.007042e-005
     46     31     21  4.803201e-006  2.763391e-002  1.977716e-005
     47    121     21  2.340655e-006  3.087416e-002  1.776830e-005
     48     -1     21  4.252885e-006  2.985756e-002  1.459558e-005
     49    122     22  2.778009e-006  3.117437e-002  1.818095e-005
     50     24     23  2.546813e-006  2.884968e-002  1.872619e-005
     51     34     24  2.396883e-006  2.929249e-002  1.748582e-005
     52    124     24  4.711898e-006  3.000278e-002  1.609506e-005
     53     26     25  2.885077e-006  2.797143e-002  1.397557e-005
     54     35     25  4.200717e-006  3.076742e-002  1.870823e-005
     55    125     25  1.088688e-006  3.890175e-002  1.826559e-005
     56    126     26  2.897632e-006  3.011521e-002  1.903655e-005
     57    927     27  1.592966e-006  3.543697e-002  1.374112e-005
     58    128     28  3.023350e-006  2.593109e-002  1.799986e-005
     59    928     28  2.530715e-006  3.026408e-002  1.167189e-005
     60    129     29  2.134108e-006  3.225976e-002  1.546727e-005
     61      0     30  2.857636e-006  2.236739e-002  1.405865e-005
     62    130     30  2.393316e-006  3.677868e-002  1.943573e-005
     63     32     31  2.394915e-006  3.437013e-002  1.388603e-005
     64     41     31  3.802431e-006  3.689813e-002  1.509555e-005
     65     -1     31  2.629686e-006  3.418870e-002  1.684466e-005
     66     33     32  4.924810e-006  6.250000e-002  1.841612e-005
     67     42     32  4.097891e-006  2.795240e-002  2.058431e-005
     68    132     32  3.547816e-006  3.193479e-002  1.764977e-005
     69     34     33  1.599093e-006  2.846292e-002  1.510509e-005
     70    133     33  1.402566e-006  2.696923e-002  1.848526e-005
     71    134     34  1.903548e-006  3.049408e-002  1.696854e-005
     72    934     34  1.483577e-006  2.950090e-002  1.809109e-005
     73     36     35  4.513102e-006  2.724693e-002  1.837662e-005
     74     45     35  3.597347e-006  2.760550e-002  1.575328e-005
     75    135     35  2.393316e-006  3.706975e-002  1.943889e-005
     76    935     35  1.602021e-006  2.903331e-002  1.560667e-005
     77    936     36  2.542512e-006  3.225770e-002  1.329065e-005
     78    937     37  2.861979e-006  3.437260e-002  1.963539e-005
     79     39     38  1.077125e-006  2.204137e-002  1.946718e-005
     80     48     38  9.858788e-007  3.188563e-002  1.647805e-005
     81    139     39  3.772164e-006  3.677425e-002  1.599653e-005
     82    939     39  2.743669e-006  3.574603e-002  1.752618e-005
     83      0     40  3.410569e-006  3.355947e-002  1.397208e-005
     84    140     40  9.164645e-007  2.852287e-002  1.592066e-005
     85    940     40  2.654301e-006  3.133413e-002  1.848547e-005
     86     42     41  4.015541e-006  3.552526e-002  1.799003e-005
     87     51     41  2.032707e-006  3.594118e-002  1.532541e-005
     88     -1     41  1.631999e-006  2.840386e-002  1.632803e-005
     89     43     42  4.726489e-006  3.559002e-002  1.734748e-005
     90    142     42  2.499874e-006  3.148028e-002  1.392569e-005
     91     44     43  1.659174e-006  2.903640e-002  1.899950e-005
     92     53     43  4.740149e-007  3.028264e-002  1.908588e-005
     93    943     43  1.034885e-006  3.061075e-002  1.925154e-005
     94     54     44  4.765420e-006  3.423378e-002  2.074237e-005
     95    144     44  5.628479e-007  3.493536e-002  1.920716e-005
     96     46     45  4.321971e-006  3.141953e-002  2.032125e-005
     97    945     45  4.794017e-006  3.589060e-002  1.640275e-005
     98     56     46  6.682199e-007  2.531038e-002  1.911309e-005
     99    146     46  1.137270e-006  3.250895e-002  1.634913e-005
    100    946     46  1.529630e-006  2.524749e-002  1.379576e-005
    101     48     47  2.337331e-006  3.185415e-002  1.684671e-005
    102     57     47  3.277415e-006  2.855113e-002  1.431942e-005
    103    948     48  1.025275e-006  2.578531e-002  1.613695e-005
    104    149     49  3.892155e-006  2.173864e-002  1.754800e-005
    105    949     49  2.593648e-006  3.128167e-002  1.385681e-005
    106      0     50  3.902631e-007  2.567502e-002  1.986841e-005
    107     60     50  4.955042e-006  3.381550e-002  1.954956e-005
    108    950     50  1.736411e-006  2.835647e-002  2.001649e-005
    109     52     51  3.098670e-006  3.558446e-002  1.167587e-005
    110     61     51  2.778627e-006  3.450771e-002  1.938977e-005
    111     -1     51  2.328834e-006  3.363958e-002  1.965816e-005
    112     53     52  2.610988e-006  3.201569e-002  1.537537e-005
    113    952     52  1.605479e-006  2.452286e-002  1.560904e-005
    114     54     53  4.268803e-006  3.401345e-002  1.699530e-005
    115    153     53  2.064222e-006  3.097614e-002  1.977852e-005
    116     64     54  3.296926e-006  2.588869e-002  2.105883e-005
    117    955     55  1.606409e-006  3.502725e-002  1.512070e-005
    118     57     56  1.476468e-006  3.460565e-002  1.988173e-005
    119    156     56  4.645297e-006  2.923223e-002  1.350276e-005
    120     59     58  2.263864e-006  2.754091e-002  1.534233e-005
    121     68     58  4.930839e-006  3.203254e-002  2.044434e-005
    122     60     59  1.499528e-006  2.725175e-002  1.495921e-005
    123     69     59  1.815651e-006  2.929017e-002  1.429106e-005
    124      0     60  3.936600e-006  2.664903e-002  1.780163e-005
    125    161     61  7.089105e-007  2.815552e-002  1.844564e-005
    126     -1     61  6.868428e-007  3.204766e-002  1.992668e-005
    127     63     62  2.953809e-006  2.868030e-002  1.932367e-005
    128     72     62  4.404100e-006  2.291153e-002  1.737180e-005
    129    162     62  1.618624e-006  3.371276e-002  1.945782e-005
    130    962     62  2.073586e-006  2.737859e-002  1.497186e-005
    131    163     63  4.223412e-006  3.302149e-002  1.773388e-005
    132    963     63  2.803859e-006  3.323233e-002  1.954741e-005
    133     65     64  4.938775e-006  3.212256e-002  2.023301e-005
    134     74     64  8.609249e-007  2.540883e-002  1.851710e-005
    135    164     64  2.268677e-006  2.615172e-002  1.832216e-005
    136    964     64  4.324079e-006  2.491990e-002  1.990437e-005
    137     66     65  3.106240e-006  3.224946e-002  1.654344e-005
    138     75     65  3.102202e-006  2.641283e-002  1.975730e-005
    139    165     65  4.763146e-007  3.164233e-002  1.584715e-005
    140     67     66  2.195134e-006  3.638210e-002  1.382176e-005
    141    166     66  4.735695e-006  3.076655e-002  1.758081e-005
    142    966     66  2.257569e-006  3.013914e-002  1.693908e-005
    143     77     67  4.714517e-006  2.786165e-002  1.810121e-005
    144    167     67  4.020378e-006  3.516071e-002  1.918035e-005
    145    967     67  1.433406e-006  2.981181e-002  1.362143e-005
    146     69     68  2.766887e-006  3.639645e-002  1.160950e-005
    147    168     68  4.251003e-007  2.964183e-002  1.875186e-005
    148    968     68  1.382421e-006  3.360198e-002  1.838753e-005
    149     70     69  3.003304e-006  2.351952e-002  1.623199e-005
    150     79     69  4.454885e-006  3.198840e-002  1.417614e-005
    151      0     70  4.620055e-006  3.623590e-002  2.022273e-005
    152     80     70  3.542127e-006  3.427093e-002  1.252066e-005
    153     72     71  3.804353e-006  3.575464e-002  2.029045e-005
    154     81     71  2.230392e-006  2.927224e-002  1.807336e-005
    155    171     71  3.929730e-006  3.179388e-002  1.360283e-005
    156     -1     71  8.902273e-007  2.927456e-002  1.390714e-005
    157    172     72  4.141491e-006  2.508010e-002  2.009272e-005
    158     74     73  2.926631e-006  3.094151e-002  1.496346e-005
    159     83     73  7.613322e-007  2.932789e-002  1.304788e-005
    160     75     74  4.736847e-006  3.364588e-002  1.966060e-005
    161    174     74  2.129012e-006  3.141265e-002  2.002379e-005
    162     76     75  3.919790e-006  2.915427e-002  1.833065e-005
    163     85     75  1.031526e-006  2.816069e-002  1.826027e-005
    164    175     75  4.917416e-006  2.924926e-002  1.894376e-005
    165    176     76  3.340843e-006  3.113934e-002  1.782788e-005
    166    976     76  9.619826e-007  3.031163e-002  1.768745e-005
    167     87     77  1.030246e-006  3.526949e-002  1.837776e-005
    168    977     77  2.948570e-006  3.322222e-002  1.852256e-005
    169     79     78  4.002192e-006  2.687061e-002  1.555614e-005
    170     88     78  2.727749e-006  3.363539e-002  1.889455e-005
    171    178     78  1.637022e-006  3.129629e-002  1.792488e-005
    172      0     80  1.344190e-006  3.211760e-002  1.771129e-005
    173    180     80  3.715565e-006  3.434304e-002  1.553959e-005
    174     82     81  5.502290e-007  3.321994e-002  1.909550e-005
    175     -1     81  1.415099e-006  3.695132e-002  1.881322e-005
    176    981     81  4.251994e-006  3.197477e-002  1.226514e-005
    177     83     82  1.444044e-006  2.771467e-002  1.538443e-005
    178     84     83  3.398086e-006  2.790953e-002  1.751518e-005
    179     93     83  2.649746e-006  3.459512e-002  1.798950e-005
    180    183     83  4.837781e-006  3.415618e-002  2.001845e-005
    181    983     83  1.961974e-006  3.412779e-002  1.476028e-005
    182     86     85  1.505919e-006  2.755579e-002  1.732625e-005
    183     95     85  4.609327e-006  3.371489e-002  1.455308e-005
    184    185     85  3.984346e-006  3.507990e-002  1.637004e-005
    185     87     86  2.847588e-006  3.153073e-002  1.078506e-005
    186    186     86  4.441650e-007  3.047903e-002  1.990437e-005
    187     88     87  3.279467e-006  3.254620e-002  1.814421e-005
    188    988     88  4.366889e-006  3.271390e-002  1.762447e-005
    189     90     89  2.145412e-006  3.291136e-002  1.767343e-005
    190    989     89  2.951938e-006  2.767622e-002  1.838513e-005
    191      0     90  2.023311e-006  3.481230e-002  1.912180e-005
    192    990     90  1.358347e-006  2.751373e-002  1.549095e-005
    193     -1     91  3.977562e-006  3.270778e-002  1.718171e-005
    194    992     92  4.998884e-007  3.616342e-002  1.661349e-005
    195    193     93  8.902273e-007  3.554342e-002  1.576002e-005
    196     95     94  3.067935e-006  2.644538e-002  1.775415e-005
    197     96     95  2.734905e-006  3.260110e-002  1.869591e-005
    198    995     95  3.981692e-007  2.556627e-002  2.063697e-005
    199     97     96  3.448258e-006  6.250000e-002  1.948501e-005
    200    996     96  1.742381e-006  2.735747e-002  1.259768e-005
    201     98     97  4.323025e-006  3.382962e-002  1.862702e-005
    202    998     98  4.845034e-006  3.514604e-002  1.835764e-005
    203      0    100  3.465005e-006  3.162999e-002  1.480547e-005
    204    200    100  4.373579e-006  3.672946e-002  1.850743e-005
    205   1000    100  2.302099e-006  2.512301e-002  1.806743e-005
    206    102    101  4.847230e-006  2.654254e-002  2.054357e-005
    207     -1    101  2.976161e-006  3.023379e-002  1.955800e-005
    208    202    102  4.009147e-006  2.968304e-002  1.867104e-005
    209    192    102  1.624985e-006  2.093450e-002  1.829552e-005
    210    203    103  3.270493e-006  3.088052e-002  1.288101e-005
    211    114    104  3.085813e-006  3.105768e-002  1.922302e-005
    212    106    105  3.740404e-006  2.902299e-002  1.351184e-005
    213    115    105  3.919790e-006  3.615384e-002  1.853270e-005
    214    205    105  1.142455e-006  3.116174e-002  1.856789e-005
    215    195    105  2.781594e-006  3.348967e-002  1.540196e-005
    216    116    106  3.258456e-006  3.172451e-002  1.828558e-005
    217    196    106  3.727633e-006  3.729518e-002  1.959664e-005
    218    207    107  4.765697e-007  3.104213e-002  1.369344e-005
    219    118    108  4.787849e-006  2.926192e-002  2.081118e-005
    220    110    109  3.442901e-006  2.785785e-002  2.014243e-005
    221      0    110  6.505178e-007  3.165066e-002  1.492432e-005
    222    120    110  2.013656e-006  3.145736e-002  1.858633e-005
    223    211    111  4.210284e-006  2.733719e-002  2.037122e-005
    224     -1    111  4.798022e-006  2.535918e-002  1.647679e-005
    225    113    112  6.453155e-007  3.219014e-002  1.477186e-005
    226    122    112  3.074983e-006  3.108817e-002  1.761756e-005
    227    123    113  2.437942e-006  2.776359e-002  1.409234e-005
    228    213    113  2.755028e-006  6.250000e-002  1.599071e-005
    229    116    115  2.758857e-006  3.398111e-002  1.818490e-005
    230    125    115  4.744261e-006  2.905322e-002  1.254604e-005
    231    126    116  3.471294e-006  3.173027e-002  1.678526e-005
    232    118    117  4.192048e-006  2.894544e-002  1.728940e-005
    233    119    118  7.321187e-007  3.361796e-002  1.586053e-005
    234    120    119  2.472719e-006  3.348525e-002  1.436033e-005
    235    219    119  2.498031e-006  3.589201e-002  1.411437e-005
    236      0    120  4.714026e-006  2.236242e-002  2.038976e-005
    237     -1    121  9.987731e-007  3.064879e-002  2.091362e-005
    238    123    122  1.990425e-006  2.981836e-002  1.867024e-005
    239    222    122  1.756246e-006  3.186281e-002  1.971601e-005
    240    134    124  4.381191e-006  3.279341e-002  1.912321e-005
    241    224    124  1.660226e-006  1.842433e-002  2.061557e-005
    242    225    125  1.779890e-006  3.293734e-002  1.785188e-005
    243    127    126  3.567563e-006  3.176883e-002  1.676371e-005
    244    136    126  4.306100e-007  6.250000e-002  1.966941e-005
    245    226    126  5.171971e-007  2.916710e-002  1.565553e-005
    246    128    127  1.710518e-006  2.242870e-002  1.366164e-005
    247    227    127  1.601686e-007  3.609418e-002  1.749754e-005
    248    138    128  4.747726e-006  3.223858e-002  1.859367e-005
    249    228    128  2.022057e-006  2.769111e-002  1.510902e-005
    250      0    130  1.444320e-006  2.717245e-002  1.825397e-005
    251    140    130  4.436047e-006  2.869516e-002  1.627499e-005
    252    132    131  6.795928e-007  2.883093e-002  1.827440e-005
    253     -1    131  1.231707e-007  3.369190e-002  1.793167e-005
    254    142    132  2.140444e-006  2.856151e-002  1.378071e-005
    255    134    133  3.736733e-006  3.664933e-002  1.772061e-005
    256    143    133  2.886693e-006  3.217315e-002  1.818562e-005
    257    135    134  7.421234e-007  2.922387e-002  1.792585e-005
    258    234    134  2.665752e-006  2.888316e-002  1.868954e-005
    259    137    136  4.366737e-006  2.820034e-002  1.300063e-005
    260    237    137  3.118867e-006  2.921450e-002  1.157439e-005
    261    139    138  2.821686e-006  3.098479e-002  1.692386e-005
    262    148    138  4.246354e-006  2.836337e-002  1.901026e-005
    263    238    138  6.303956e-007  3.315576e-002  1.862056e-005
    264      0    140  1.398239e-006  3.344968e-002  1.520462e-005
    265    142    141  2.297785e-006  2.522736e-002  1.646178e-005
    266    151    141  9.247821e-007  3.449661e-002  2.022227e-005
    267     -1    141  4.668574e-006  2.843271e-002  2.013731e-005
    268    153    143  1.063925e-006  3.478760e-002  1.482933e-005
    269    243    143  1.855448e-006  2.749598e-002  1.619827e-005
    270    244    144  4.336185e-007  3.490245e-002  1.689189e-005
    271    155    145  4.279691e-006  6.250000e-002  1.989338e-005
    272    148    147  4.162182e-006  3.084114e-002  1.966309e-005
    273    149    148  1.735113e-006  2.977994e-002  1.790509e-005
    274    159    149  4.620536e-006  2.691996e-002  1.444667e-005
    275      0    150  4.247096e-006  3.290324e-002  2.013566e-005
    276    160    150  4.938948e-006  3.563438e-002  1.779150e-005
    277    161    151  1.994698e-006  3.272644e-002  1.842129e-005
    278     -1    151  2.710481e-006  3.251675e-002  1.990077e-005
    279    153    152  4.040620e-006  2.387141e-002  1.773119e-005
    280    252    152  2.508597e-006  2.932921e-002  1.847462e-005
    281    154    153  2.932611e-006  3.241722e-002  1.787528e-005
    282    163    153  4.267313e-006  2.672374e-002  1.840083e-005
    283    164    154  2.048100e-006  3.535049e-002  1.550676e-005
    284    256    156  1.600424e-006  3.125185e-002  1.640005e-005
    285    158    157  3.521918e-006  2.692986e-002  2.033070e-005
    286    257    157  1.614644e-006  2.752236e-002  1.764238e-005
    287    169    159  3.348721e-006  3.877174e-002  1.886216e-005
    288      0    160  4.545480e-006  3.137569e-002  2.105737e-005
    289    170    160  4.229766e-006  2.632500e-002  1.695417e-005
    290     -1    161  3.114825e-006  2.949120e-002  1.667603e-005
    291    163    162  1.144130e-006  2.262336e-002  1.623468e-005
    292    174    164  1.646395e-006  3.195999e-002  1.956719e-005
    293    264    164  3.433632e-006  2.895344e-002  1.905034e-005
    294    175    165  3.132392e-006  2.937592e-002  1.633549e-005
    295    265    165  6.922498e-007  2.500963e-002  1.735388e-005
    296    176    166  3.008438e-006  2.632013e-002  1.711761e-005
    297    168    167  3.443554e-006  3.266510e-002  1.318763e-005
    298    177    167  1.929899e-006  2.571218e-002  1.770833e-005
    299    267    167  4.071982e-006  7.957747e-002  1.713338e-005
    300    169    168  2.720840e-006  3.054825e-002  1.532122e-005
    301    269    169  1.743289e-006  3.270076e-002  1.561789e-005
    302      0    170  3.126449e-006  2.988082e-002  2.029304e-005
    303    270    170  3.403675e-006  6.250000e-002  1.465540e-005
    304    172    171  2.730956e-006  2.943865e-002  1.232866e-005
    305    271    171  1.520026e-006  3.165296e-002  1.274284e-005
    306     -1    171  1.587365e-006  3.142440e-002  1.786072e-005
    307    173    172  2.817538e-007  3.127938e-002  1.907433e-005
    308    272    172  3.966695e-006  6.250000e-002  1.939784e-005
    309    183    173  1.169874e-006  3.445593e-002  1.888401e-005
    310    276    176  3.788581e-006  3.038102e-002  1.805533e-005
    311    178    177  4.372666e-006  2.817063e-002  1.858121e-005
    312    179    178  2.052726e-006  3.014761e-002  1.475261e-005
    313    188    178  2.519287e-006  2.826474e-002  1.354004e-005
    314    189    179  2.190181e-006  2.805496e-002  1.484081e-005
    315      0    180  4.086649e-006  3.422941e-002  1.925402e-005
    316    190    180  1.310534e-006  2.715326e-002  1.811066e-005
    317    191    181  3.786389e-006  3.073484e-002  1.812819e-005
    318     -1    181  1.527197e-006  7.957747e-002  1.902273e-005
    319    282    182  4.156200e-006  3.182415e-002  1.933515e-005
    320    184    183  3.518357e-006  2.631586e-002  1.832392e-005
    321    193    183  2.978911e-006  3.212344e-002  1.774347e-005
    322    283    183  4.471467e-006  3.583634e-002  1.736793e-005
    323    194    184  4.813579e-006  2.994444e-002  1.974878e-005
    324    284    184  3.971914e-006  3.228333e-002  1.805626e-005
    325    195    185  3.282418e-006  2.552972e-002  1.472539e-005
    326    285    185  3.709471e-006  2.808897e-002  1.947486e-005
    327    287    187  3.876005e-007  3.497602e-002  2.014956e-005
    328    189    188  3.902608e-006  3.224005e-002  1.078081e-005
    329    198    188  2.401924e-006  2.967798e-002  1.654086e-005
    330    288    188  2.029325e-006  2.534299e-002  1.551809e-005
    331    199    189  1.573868e-006  2.937887e-002  1.590223e-005
    332    289    189  2.761821e-006  3.260322e-002  1.615773e-005
    333      0    190  1.973314e-006  3.090684e-002  1.549617e-005
    334    291    191  2.918661e-006  3.060343e-002  1.649669e-005
    335     -1    191  9.652968e-007  2.382667e-002  2.049184e-005
    336    292    192  4.556850e-006  2.356978e-002  1.585796e-005
    337    293    193  1.753786e-006  2.560765e-002  1.869203e-005
    338    195    194  2.619475e-006  2.724307e-002  1.500455e-005
    339    294    194  4.537443e-006  3.073863e-002  1.885177e-005
    340    197    196  4.791682e-006  2.882242e-002  2.012532e-005
    341    198    197  3.099301e-006  3.052501e-002  1.542958e-005
    342    200    199  1.709344e-006  3.464055e-002  2.063285e-005
    343      0    200  3.384714e-006  3.665967e-002  1.764981e-005
    344    300    200  2.197487e-006  3.473009e-002  1.823578e-005
    345    301    201  1.268095e-006  3.613955e-002  1.888350e-005
    346     -1    201  4.943787e-006  2.660860e-002  1.650619e-005
    347    291    201  4.507467e-006  3.436724e-002  1.862473e-005
    348    203    202  1.434097e-006  3.415930e-002  1.671190e-005
    349    303    203  3.518753e-006  2.701027e-002  1.375074e-005
    350    293    203  4.695071e-006  3.272491e-002  1.977852e-005
    351    205    204  2.800270e-006  2.734805e-002  1.317431e-005
    352    304    204  4.447928e-006  3.400516e-002  1.747620e-005
    353    206    205  1.513250e-006  2.708914e-002  1.653133e-005
    354    215    205  2.917914e-006  2.647591e-002  1.856193e-005
    355    305    205  4.875196e-006  3.134244e-002  1.745227e-005
    356    306    206  3.273313e-006  3.722946e-002  1.715574e-005
    357    208    207  2.086934e-006  3.351455e-002  1.906012e-005
    358    297    207  2.138954e-006  2.928121e-002  1.859645e-005
    359    209    208  2.256704e-006  3.492661e-002  1.810022e-005
    360    218    208  2.469402e-006  3.076393e-002  2.015477e-005
    361    308    208  4.952268e-006  3.414021e-002  2.091837e-005
    362    298    208  3.503472e-006  6.250000e-002  1.845761e-005
    363      0    210  2.734782e-006  3.212081e-002  2.083304e-005
    364    300    210  1.849831e-006  3.064528e-002  1.835631e-005
    365    221    211  1.789943e-006  3.528209e-002  1.731448e-005
    366     -1    211  3.407837e-006  3.157719e-002  1.544600e-005
    367    213    212  4.603413e-006  3.426572e-002  2.001215e-005
    368    222    212  1.990551e-006  2.550975e-002  1.584011e-005
    369    312    212  8.584583e-007  3.805750e-002  1.832342e-005
    370    313    213  3.117982e-006  2.494949e-002  1.931754e-005
    371    314    214  3.577389e-006  3.295303e-002  1.805230e-005
    372    225    215  4.479070e-007  3.049290e-002  1.259117e-005
    373    315    215  4.722208e-007  2.826591e-002  1.628273e-005
    374    316    216  1.355803e-006  3.285685e-002  1.737099e-005
    375    227    217  2.963795e-006  3.043854e-002  1.576709e-005
    376    228    218  2.651470e-006  3.160617e-002  1.172384e-005
    377    220    219  4.521410e-006  3.142612e-002  1.635786e-005
    378      0    220  3.933234e-006  2.722564e-002  1.994765e-005
    379    230    220  5.660302e-007  3.051441e-002  1.532222e-005
    380    231    221  2.330066e-006  2.725898e-002  1.912330e-005
    381     -1    221  1.018521e-006  2.994783e-002  1.839733e-005
    382    224    223  4.773215e-006  2.661480e-002  1.909737e-005
    383    225    224  1.507957e-006  3.094122e-002  1.834825e-005
    384    234    224  2.083318e-006  2.512910e-002  1.722016e-005
    385    235    225  4.333427e-006  3.027037e-002  1.740833e-005
    386    236    226  4.893433e-006  2.788691e-002  1.887504e-005
    387    326    226  4.342187e-006  3.351831e-002  1.784786e-005
    388    228    227  1.944940e-006  3.132525e-002  1.602250e-005
    389    237    227  2.113838e-006  3.325488e-002  1.244580e-005
    390    327    227  3.138971e-006  2.716852e-002  1.685195e-005
    391    229    228  2.286195e-006  2.860688e-002  1.546560e-005
    392    230    229  3.116845e-006  3.262623e-002  1.918876e-005
    393      0    230  9.290105e-007  2.947599e-002  1.838543e-005
    394    330    230  1.671397e-006  3.254440e-002  1.601890e-005
    395    232    231  3.044682e-006  3.370462e-002  1.203160e-005
    396     -1    231  9.409639e-007  3.643369e-002  1.995918e-005
    397    332    232  2.989789e-006  2.744229e-002  1.451533e-005
    398    333    233  1.934578e-006  3.422821e-002  1.743955e-005
    399    244    234  1.774084e-006  3.092100e-002  1.938284e-005
    400    245    235  3.053601e-006  3.639105e-002  1.921859e-005
    401    335    235  1.806536e-006  3.460170e-002  1.853612e-005
    402    237    236  4.695561e-006  2.775194e-002  1.761508e-005
    403    238    237  3.687712e-006  3.553311e-002  1.821309e-005
    404    247    237  2.334991e-006  6.250000e-002  1.385497e-005
    405    337    237  3.770934e-006  3.156371e-002  1.908379e-005
    406    338    238  3.468673e-006  2.858037e-002  1.584077e-005
    407    339    239  3.151886e-006  3.480016e-002  1.158501e-005
    408      0    240  3.356219e-006  3.439989e-002  1.825084e-005
    409    242    241  2.794703e-006  3.089036e-002  1.517791e-005
    410     -1    241  1.958317e-006  6.250000e-002  1.807702e-005
    411    252    242  1.528144e-006  3.131693e-002  1.670217e-005
    412    244    243  1.662594e-006  3.884258e-002  1.743715e-005
    413    343    243  3.567828e-006  3.459381e-002  1.680069e-005
    414    245    244  2.969165e-006  3.472371e-002  1.903627e-005
    415    254    244  4.020093e-006  2.925793e-002  1.790680e-005
    416    256    246  8.339307e-007  3.391084e-002  1.581676e-005
    417    249    248  3.748704e-006  3.255072e-002  1.766869e-005
    418    348    248  2.318118e-006  2.563075e-002  1.906275e-005
    419    250    249  2.603116e-006  3.021666e-002  1.956131e-005
    420    259    249  4.880642e-006  6.250000e-002  1.410608e-005
    421    349    249  3.556292e-006  3.101131e-002  1.951185e-005
    422      0    250  2.413358e-006  7.957747e-002  1.927053e-005
    423    260    250  3.713262e-006  2.876037e-002  1.989017e-005
    424    351    251  6.830223e-007  2.905459e-002  1.494969e-005
    425     -1    251  8.487302e-007  2.293306e-002  1.850606e-005
    426    253    252  3.740812e-006  3.735750e-002  1.699859e-005
    427    262    252  1.827318e-006  2.659672e-002  1.373608e-005
    428    352    252  3.427502e-006  3.108386e-002  1.517542e-005
    429    263    253  1.597895e-006  3.254650e-002  1.565870e-005
    430    255    254  3.371232e-006  2.839777e-002  1.538621e-005
    431    265    255  3.490191e-006  3.498293e-002  1.705199e-005
    432    355    255  2.848580e-006  2.785447e-002  1.574610e-005
    433    266    256  2.200829e-006  3.220217e-002  1.958162e-005
    434    267    257  4.719269e-006  3.219278e-002  2.057907e-005
    435    358    258  2.853170e-006  2.488532e-002  2.039528e-005
    436    359    259  3.099301e-006  3.241871e-002  1.537794e-005
    437      0    260  3.028994e-006  2.824166e-002  1.944965e-005
    438    360    260  4.291500e-006  3.133528e-002  1.377758e-005
    439    262    261  7.787725e-007  3.237531e-002  1.552102e-005
    440     -1    261  3.146693e-006  3.177458e-002  1.226512e-005
    441    272    262  4.248431e-006  2.730065e-002  1.632467e-005
    442    273    263  9.942128e-007  3.408154e-002  1.693626e-005
    443    275    265  3.212615e-006  3.407120e-002  1.750220e-005
    444    269    268  1.574537e-006  3.212811e-002  1.342230e-005
    445    278    268  3.454534e-006  3.064324e-002  1.556896e-005
    446    369    269  2.309617e-006  2.310053e-002  1.885706e-005
    447      0    270  8.348264e-007  3.002572e-002  1.606236e-005
    448    272    271  3.352082e-006  2.330626e-002  1.673205e-005
    449    371    271  2.420980e-006  3.325619e-002  1.610696e-005
    450     -1    271  9.466597e-007  3.411541e-002  1.953203e-005
    451    273    272  1.579619e-006  2.777305e-002  1.647380e-005
    452    373    273  4.955215e-006  3.241693e-002  1.790321e-005
    453    275    274  3.357771e-006  2.162258e-002  1.700254e-005
    454    276    275  2.498645e-006  3.301420e-002  1.366664e-005
    455    375    275  3.030248e-006  3.016574e-002  1.497758e-005
    456    277    276  2.547059e-006  2.933217e-002  1.806434e-005
    457    279    278  3.788170e-006  3.195593e-002  1.739438e-005
    458    288    278  2.531575e-006  3.053237e-002  1.903955e-005
    459    378    278  3.931552e-006  3.523743e-002  1.452359e-005
    460    289    279  1.692365e-006  3.161650e-002  1.801815e-005
    461    379    279  4.177826e-006  2.908672e-002  1.947024e-005
    462      0    280  2.027195e-006  2.876073e-002  1.382732e-005
    463    380    280  2.153109e-006  3.337016e-002  1.662839e-005
    464    282    281  3.758378e-006  3.343787e-002  1.736379e-005
    465     -1    281  9.210526e-007  3.130948e-002  1.447513e-005
    466    283    282  3.018587e-006  2.551283e-002  1.706485e-005
    467    382    282  2.313560e-006  2.488344e-002  1.529125e-005
    468    284    283  3.554304e-006  2.256257e-002  2.013200e-005
    469    383    283  4.208222e-006  3.727999e-002  1.924231e-005
    470    286    285  7.311524e-007  3.712485e-002  1.383733e-005
    471    295    285  2.323292e-006  3.170554e-002  1.936132e-005
    472    385    285  1.851236e-006  3.533589e-002  1.913266e-005
    473    296    286  1.180250e-006  3.440321e-002  1.690343e-005
    474    386    286  4.025218e-006  3.514604e-002  1.869942e-005
    475    387    287  2.021305e-006  3.167163e-002  1.903430e-005
    476    298    288  4.856870e-006  3.191136e-002  1.468458e-005
    477    389    289  3.108638e-006  2.963802e-002  1.949884e-005
    478      0    290  1.702950e-006  2.705141e-002  1.979522e-005
    479    300    290  4.489666e-006  3.257151e-002  1.744025e-005
    480    292    291  2.272873e-006  3.096835e-002  2.018232e-005
    481     -1    291  3.458198e-006  3.147369e-002  1.999684e-005
    482    392    292  2.658364e-006  3.087068e-002  1.927511e-005
    483    294    293  2.022559e-006  3.029281e-002  1.699408e-005
    484    394    294  1.764266e-006  3.109507e-002  1.898803e-005
    485    297    296  1.138491e-006  2.935161e-002  1.901341e-005
    486    397    297  3.936319e-006  3.108587e-002  1.895200e-005
    487    398    298  2.911441e-006  3.464100e-002  1.750884e-005
    488    399    299  1.515555e-006  2.844972e-002  1.497022e-005
    489      0    300  1.157489e-006  7.957747e-002  1.804449e-005
    490    302    301  3.192249e-006  2.555109e-002  1.381132e-005
    491    401    301  1.633718e-006  3.213337e-002  1.462097e-005
    492     -1    301  1.353116e-006  3.510452e-002  1.339006e-005
    493    303    302  3.443815e-006  3.052354e-002  1.653087e-005
    494    312    302  1.406609e-006  2.756119e-002  1.868064e-005
    495    402    302  1.738748e-006  2.903365e-002  1.574030e-005
    496    392    302  3.640510e-006  2.884791e-002  1.408908e-005
    497    393    303  3.996095e-006  3.545333e-002  1.656684e-005
    498    315    305  2.769976e-006  2.786713e-002  1.606849e-005
    499    406    306  3.033636e-006  3.295523e-002  1.588570e-005
    500    396    306  2.697290e-006  2.479563e-002  1.793359e-005
    501    407    307  8.033297e-007  3.085852e-002  1.788952e-005
    502    319    309  3.421767e-006  3.325521e-002  1.395150e-005
    503      0    310  3.700678e-006  3.163343e-002  1.722067e-005
    504     -1    311  4.213968e-006  3.111031e-002  1.626429e-005
    505    313    312  4.895483e-006  2.570057e-002  1.857293e-005
    506    412    312  4.296740e-006  2.686056e-002  1.951713e-005
    507    323    313  2.323908e-006  3.410114e-002  1.550768e-005
    508    413    313  2.053726e-006  3.438953e-002  1.685168e-005
    509    315    314  2.186712e-006  3.273103e-002  1.583061e-005
    510    414    314  4.339165e-006  3.546096e-002  1.506204e-005
    511    316    315  1.633850e-006  2.815273e-002  1.743566e-005
    512    317    316  7.824936e-007  2.915968e-002  1.863134e-005
    513    318    317  2.709988e-006  2.719547e-002  1.589961e-005
    514    319    318  3.272800e-006  2.850346e-002  1.566545e-005
    515      0    320  4.201011e-006  2.640211e-002  1.942187e-005
    516    331    321  8.350055e-007  3.070017e-002  1.384452e-005
    517     -1    321  4.472088e-006  3.280576e-002  1.548210e-005
    518    332    322  3.167735e-006  2.976615e-002  1.879970e-005
    519    324    323  1.581356e-006  3.404946e-002  1.816733e-005
    520    423    323  1.889071e-006  2.828110e-002  1.759590e-005
    521    325    324  3.072214e-006  2.686374e-002  1.778491e-005
    522    326    325  3.281263e-006  2.995644e-002  1.821664e-005
    523    335    325  1.982502e-006  3.005319e-002  1.468014e-005
    524    425    325  1.080412e-006  2.735418e-002  1.915521e-005
    525    327    326  1.170176e-006  2.520287e-002  1.960760e-005
    526    426    326  4.386985e-006  2.462930e-002  1.840190e-005
    527    328    327  3.265497e-006  3.498392e-002  1.377505e-005
    528    427    327  4.572847e-006  3.211439e-002  2.009320e-005
    529    339    329  2.953934e-006  2.478301e-002  1.878106e-005
    530      0    330  1.148540e-006  3.294048e-002  1.901857e-005
    531    340    330  1.304507e-006  2.564262e-002  1.780876e-005
    532     -1    331  4.348389e-006  3.132840e-002  1.822939e-005
    533    334    333  3.238097e-007  1.983767e-002  1.613676e-005
    534    335    334  4.894458e-006  3.416009e-002  1.839083e-005
    535    344    334  1.904055e-006  3.732291e-002  1.774062e-005
    536    345    335  4.952268e-006  3.479410e-002  2.061738e-005
    537    435    335  2.262506e-006  2.636316e-002  1.079725e-005
    538    346    336  2.706905e-006  2.770159e-002  1.607581e-005
    539    436    336  1.677040e-006  3.064558e-002  1.375165e-005
    540    338    337  2.835811e-006  3.536009e-002  1.661581e-005
    541    339    338  3.061144e-006  2.764938e-002  1.779384e-005
    542    438    338  4.620536e-006  2.905253e-002  1.979695e-005
    543      0    340  4.425580e-006  3.052560e-002  1.587731e-005
    544    350    340  3.598946e-006  2.971114e-002  1.443584e-005
    545    342    341  2.192658e-006  3.408384e-002  1.839860e-005
    546    441    341  1.709083e-006  2.499062e-002  1.648066e-005
    547     -1    341  3.028241e-006  2.586175e-002  1.854497e-005
    548    352    342  1.448318e-006  2.946010e-002  1.871185e-005
    549    344    343  8.846869e-007  3.453345e-002  1.733072e-005
    550    353    343  1.599626e-006  3.480062e-002  1.945533e-005
    551    345    344  1.836024e-006  3.184001e-002  1.841430e-005
    552    354    344  1.691710e-006  2.554804e-002  1.078653e-005
    553    446    346  1.438659e-006  3.133327e-002  1.426931e-005
    554    357    347  4.913810e-006  2.768761e-002  1.966288e-005
    555    349    348  4.474107e-006  3.287332e-002  1.659538e-005
    556    350    349  3.827050e-006  3.389720e-002  1.475718e-005
    557      0    350  1.761033e-006  2.977649e-002  1.422599e-005
    558    360    350  1.901010e-006  2.862047e-002  1.770759e-005
    559    451    351  3.618696e-006  3.439699e-002  1.850110e-005
    560     -1    351  1.852129e-006  2.904945e-002  1.837826e-005
    561    353    352  7.426981e-007  2.821730e-002  1.352620e-005
    562    363    353  4.966328e-006  3.469245e-002  1.890672e-005
    563    454    354  1.417462e-006  2.872191e-002  1.767149e-005
    564    456    356  3.330779e-006  2.935655e-002  1.761097e-005
    565    367    357  3.001176e-006  2.747403e-002  1.772443e-005
    566    359    358  4.858394e-006  2.852511e-002  1.890420e-005
    567    368    358  6.587880e-007  2.574320e-002  1.796345e-005
    568    458    358  2.616277e-006  2.992965e-002  1.877267e-005
    569      0    360  1.570253e-006  3.048346e-002  1.718173e-005
    570    460    360  1.595098e-006  3.261169e-002  1.597687e-005
    571    362    361  2.580492e-006  2.372066e-002  1.154272e-005
    572    371    361  3.964017e-006  3.033996e-002  1.755266e-005
    573    461    361  3.786937e-006  7.957747e-002  1.919928e-005
    574     -1    361  4.119431e-006  3.467761e-002  1.974113e-005
    575    462    362  2.059725e-006  3.702031e-002  1.626641e-005
    576    364    363  2.856147e-006  2.528405e-002  1.996061e-005
    577    464    364  4.661449e-006  3.378269e-002  1.871858e-005
    578    375    365  3.019589e-006  2.439460e-002  1.756441e-005
    579    465    365  3.196446e-006  3.293483e-002  1.476187e-005
    580    466    366  3.889093e-006  3.005289e-002  1.891785e-005
    581    467    367  1.309673e-006  6.250000e-002  1.811258e-005
    582    369    368  1.122570e-006  3.073339e-002  1.609419e-005
    583    468    368  3.187418e-006  7.957747e-002  1.290014e-005
    584    379    369  4.598783e-006  3.343147e-002  1.959790e-005
    585    469    369  3.943477e-006  2.649224e-002  1.951809e-005
    586      0    370  3.245027e-006  3.101967e-002  1.822733e-005
    587    380    370  3.146820e-006  3.650473e-002  1.453482e-005
    588    470    370  1.007376e-006  2.767051e-002  1.893340e-005
    589    372    371  3.419161e-006  3.096980e-002  1.313183e-005
    590     -1    371  4.437743e-006  2.935687e-002  2.014566e-005
    591    382    372  1.727316e-006  2.645656e-002  1.915434e-005
    592    374    373  1.509586e-006  2.953571e-002  1.893603e-005
    593    384    374  4.440518e-006  7.957747e-002  1.506723e-005
    594    474    374  3.163802e-006  2.932227e-002  1.684764e-005
    595    377    376  2.639038e-006  3.164750e-002  1.585226e-005
    596    476    376  2.895643e-006  3.000094e-002  1.901051e-005
    597    387    377  1.808077e-006  2.708563e-002  1.603147e-005
    598    477    377  1.402287e-006  3.593542e-002  1.500407e-005
    599      0    380  3.384973e-006  3.099662e-002  1.657364e-005
    600    391    381  1.868328e-006  3.083853e-002  1.918181e-005
    601     -1    381  4.395993e-006  2.981836e-002  1.831511e-005
    602    392    382  3.440027e-006  2.409327e-002  1.925066e-005
    603    384    383  3.880191e-006  2.970988e-002  1.902753e-005
    604    393    383  3.046189e-006  2.710114e-002  2.048690e-005
    605    385    384  1.761163e-006  2.970925e-002  1.875121e-005
    606    386    385  4.085641e-006  3.020914e-002  1.869789e-005
    607    485    385  3.362816e-006  3.217696e-002  1.444509e-005
    608    387    386  1.522733e-006  3.507479e-002  1.572729e-005
    609    487    387  1.439764e-006  2.857852e-002  1.836448e-005
    610    488    388  3.248862e-006  3.224769e-002  1.899770e-005
    611    390    389  2.846844e-006  2.465176e-002  1.962136e-005
    612    489    389  4.913295e-006  2.716803e-002  1.950052e-005
    613      0    390  2.753299e-006  2.548578e-002  1.648554e-005
    614    400    390  2.655901e-006  2.725898e-002  1.659488e-005
    615    392    391  2.531944e-006  2.950671e-002  1.779826e-005
    616     -1    391  1.175593e-006  3.075288e-002  1.485339e-005
    617    393    392  1.924964e-006  3.120911e-002  1.649278e-005
    618    493    393  4.924294e-006  3.277647e-002  2.039275e-005
    619    495    395  4.041477e-006  3.375368e-002  2.000548e-005
    620    397    396  2.199715e-006  3.398186e-002  1.211173e-005
    621    496    396  3.315318e-006  3.549291e-002  1.996521e-005
    622    497    397  2.976286e-006  2.941421e-002  1.777496e-005
    623      0    400  3.777358e-006  2.426144e-002  1.990306e-005
    624    501    401  3.152013e-006  3.238719e-002  1.923367e-005
    625     -1    401  4.278496e-006  3.445046e-002  1.837645e-005
    626    403    402  3.389126e-006  2.386737e-002  1.817321e-005
    627    412    402  1.726275e-006  3.169605e-002  1.075873e-005
    628    404    403  2.555908e-006  2.292720e-002  1.643178e-005
    629    413    403  6.308189e-007  3.038399e-002  1.849708e-005
    630    503    403  4.870267e-006  2.909831e-002  1.735669e-005
    631    405    404  1.728746e-006  3.412702e-002  2.062557e-005
    632    414    404  4.570626e-006  3.501124e-002  1.972956e-005
    633    406    405  4.873666e-006  2.775324e-002  1.876226e-005
    634    495    405  4.161306e-006  3.198057e-002  1.571731e-005
    635    407    406  2.214193e-006  3.055530e-002  1.690632e-005
    636    416    406  3.811635e-006  3.138371e-002  1.848438e-005
    637    506    406  9.651313e-007  2.909456e-002  1.601150e-005
    638    496    406  3.559472e-006  2.686849e-002  2.047138e-005
    639    507    407  2.835811e-006  3.739455e-002  1.411379e-005
    640    508    408  1.082132e-006  2.922488e-002  1.372123e-005
    641    410    409  1.473594e-006  3.276478e-002  1.931268e-005
    642    419    409  3.379915e-006  3.280174e-002  1.924620e-005
    643    499    409  3.970644e-006  3.237146e-002  1.919378e-005
    644      0    410  3.747751e-006  2.729826e-002  1.654982e-005
    645    500    410  3.990572e-006  6.250000e-002  1.273544e-005
    646    412    411  4.540908e-006  3.420367e-002  1.599037e-005
    647     -1    411  8.665481e-007  3.080837e-002  1.619400e-005
    648    512    412  3.703788e-006  3.212169e-002  1.517918e-005
    649    414    413  4.016537e-006  3.340996e-002  1.476590e-005
    650    513    413  9.786595e-007  3.173947e-002  1.414647e-005
    651    415    414  2.988913e-006  3.084172e-002  1.742196e-005
    652    417    416  2.068593e-006  3.182011e-002  1.368139e-005
    653    418    417  2.061974e-006  3.380718e-002  1.800534e-005
    654    427    417  3.263064e-006  3.016332e-002  1.314284e-005
    655    517    417  1.387188e-006  2.789362e-002  1.416349e-005
    656    518    418  3.772984e-006  2.642944e-002  1.834511e-005
    657    429    419  3.960354e-006  3.553432e-002  1.803051e-005
    658      0    420  2.050100e-006  3.272093e-002  2.015124e-005
    659    520    420  1.569182e-006  2.859180e-002  1.960171e-005
    660    431    421  3.977703e-006  3.795075e-002  1.893941e-005
    661    521    421  4.017248e-006  3.558446e-002  1.973062e-005
    662     -1    421  4.675062e-006  3.494608e-002  1.920085e-005
    663    522    422  3.008814e-006  3.398599e-002  1.663887e-005
    664    433    423  2.495819e-006  3.384707e-002  1.556799e-005
    665    523    423  3.043552e-006  2.577607e-002  1.464146e-005
    666    524    424  2.484392e-006  2.520287e-002  1.984164e-005
    667    428    427  2.013029e-006  2.312405e-002  1.729455e-005
    668    437    427  3.167988e-006  3.528483e-002  1.793399e-005
    669    527    427  4.596868e-006  2.812435e-002  1.704323e-005
    670    529    429  1.725235e-006  2.692934e-002  1.878498e-005
    671      0    430  4.489510e-006  2.929912e-002  1.723663e-005
    672    441    431  2.166881e-006  2.839090e-002  1.096610e-005
    673    531    431  1.985521e-006  3.674354e-002  1.623613e-005
    674     -1    431  3.302581e-006  2.886592e-002  1.661516e-005
    675    532    432  1.119496e-006  2.578105e-002  1.961002e-005
    676    534    434  4.245465e-007  3.031969e-002  1.351547e-005
    677    445    435  2.784809e-006  3.446564e-002  1.539175e-005
    678    446    436  8.646174e-007  2.819204e-002  1.755670e-005
    679    449    439  3.427762e-006  2.964818e-002  1.481038e-005
    680    539    439  2.151620e-006  2.469015e-002  1.771460e-005
    681      0    440  3.191868e-006  2.454298e-002  2.008694e-005
    682    450    440  2.703207e-006  2.409327e-002  1.926327e-005
    683    451    441  2.981161e-006  3.428299e-002  1.968646e-005
    684     -1    441  5.653493e-007  3.223946e-002  1.562994e-005
    685    443    442  3.002177e-006  3.137769e-002  1.840759e-005
    686    543    443  2.832960e-006  2.933053e-002  1.630887e-005
    687    544    444  1.904563e-006  3.147971e-002  1.635540e-005
    688    446    445  1.627368e-006  3.269740e-002  1.672056e-005
    689    545    445  2.849201e-006  3.056999e-002  1.197504e-005
    690    447    446  2.180641e-006  7.957747e-002  1.753831e-005
    691    456    446  4.380277e-006  3.179503e-002  1.420803e-005
    692    457    447  1.851363e-006  3.367394e-002  1.666833e-005
    693    547    447  3.718681e-006  6.250000e-002  1.184178e-005
    694    548    448  3.883528e-006  2.671990e-002  1.841000e-005
    695    450    449  2.970039e-006  3.340928e-002  1.160887e-005
    696    459    449  2.172957e-006  2.910920e-002  1.227913e-005
    697    549    449  2.071839e-006  2.557987e-002  1.799570e-005
    698      0    450  1.825012e-006  2.945328e-002  1.809701e-005
    699    460    450  3.298982e-006  3.463213e-002  1.937406e-005
    700    452    451  3.461732e-006  3.351421e-002  1.848425e-005
    701     -1    451  3.841122e-006  3.067246e-002  1.932539e-005
    702    453    452  2.306500e-007  3.008607e-002  1.923813e-005
    703    554    454  4.216475e-006  3.092303e-002  1.926808e-005
    704    456    455  3.770388e-006  2.715770e-002  1.781151e-005
    705    458    457  4.685462e-006  3.361970e-002  1.377285e-005
    706    468    458  8.057069e-007  2.969789e-002  1.008046e-005
    707    559    459  2.255470e-006  1.991850e-002  1.632050e-005
    708      0    460  3.294485e-006  2.837639e-002  1.878670e-005
    709     -1    461  3.110405e-006  2.687536e-002  1.993276e-005
    710    472    462  3.178778e-006  3.272920e-002  1.447089e-005
    711    464    463  4.129579e-006  2.756703e-002  1.895402e-005
    712    473    463  1.963613e-006  2.969915e-002  1.589559e-005
    713    563    463  7.956218e-007  3.279403e-002  1.137363e-005
    714    474    464  4.017390e-006  2.441344e-002  1.201303e-005
    715    564    464  2.574099e-006  1.976236e-002  1.191151e-005
    716    565    465  4.731418e-006  3.171617e-002  1.604519e-005
    717    467    466  2.286688e-006  3.255674e-002  1.628290e-005
    718    476    466  9.022823e-007  3.409575e-002  1.939911e-005
    719    566    466  4.436201e-006  3.022508e-002  1.450773e-005
    720    468    467  3.061898e-006  2.824284e-002  1.665252e-005
    721    478    468  1.996080e-006  3.673486e-002  1.698175e-005
    722    470    469  1.795607e-006  3.309343e-002  1.537251e-005
    723    479    469  4.768569e-006  3.211205e-002  1.988514e-005
    724    569    469  2.394546e-006  3.650949e-002  1.910179e-005
    725      0    470  4.773049e-006  3.823990e-002  1.863573e-005
    726    472    471  1.333247e-006  3.265202e-002  1.678422e-005
    727    481    471  3.630331e-006  2.768279e-002  1.982970e-005
    728     -1    471  1.426343e-006  3.012976e-002  2.008450e-005
    729    473    472  1.747957e-006  3.280699e-002  1.438373e-005
    730    572    472  5.028424e-007  3.026019e-002  1.780331e-005
    731    475    474  2.623166e-006  6.250000e-002  1.299482e-005
    732    476    475  2.282248e-006  2.247657e-002  2.024346e-005
    733    575    475  4.041477e-006  3.363609e-002  1.768696e-005
    734    478    477  4.113640e-006  3.681909e-002  2.069734e-005
    735    488    478  6.540405e-007  2.822438e-002  1.861688e-005
    736    578    478  4.770062e-006  2.969347e-002  1.996950e-005
    737    579    479  1.608137e-006  2.969568e-002  1.716095e-005
    738      0    480  3.295864e-007  2.989970e-002  1.794288e-005
    739    580    480  4.191461e-006  3.151525e-002  1.899811e-005
    740     -1    481  4.733227e-006  3.708969e-002  1.894086e-005
    741    492    482  6.158945e-007  2.268476e-002  1.394227e-005
    742    493    483  3.056115e-006  2.970673e-002  1.728438e-005
    743    494    484  4.428348e-006  2.857076e-002  1.910190e-005
    744    486    485  1.979104e-006  3.080634e-002  1.762600e-005
    745    585    485  2.437573e-006  3.590544e-002  1.520140e-005
    746    496    486  1.616899e-006  3.366129e-002  1.577714e-005
    747    497    487  6.141742e-007  2.778764e-002  1.631327e-005
    748    587    487  2.742311e-006  2.740241e-002  1.810792e-005
    749    489    488  1.995703e-006  3.042907e-002  1.414339e-005
    750    498    488  1.972054e-006  3.500376e-002  1.423111e-005
    751    490    489  4.258979e-006  2.924426e-002  1.390893e-005
    752    499    489  3.456496e-006  3.098479e-002  1.502769e-005
    753      0    490  2.061099e-006  6.250000e-002  2.057905e-005
    754    590    490  3.611484e-006  2.873847e-002  1.799018e-005
    755    492    491  3.213889e-006  3.067771e-002  1.667853e-005
    756    591    491  1.946708e-006  3.063768e-002  1.590481e-005
    757     -1    491  9.264747e-007  3.248049e-002  1.509933e-005
    758    592    492  3.334649e-006  2.971398e-002  1.895945e-005
    759    494    493  4.853823e-006  2.487496e-002  1.538441e-005
    760    593    493  3.464481e-006  2.947923e-002  1.858585e-005
    761    595    495  2.141438e-006  3.820956e-002  2.004058e-005
    762    497    496  3.799960e-006  2.766656e-002  1.745756e-005
    763    498    497  3.946146e-006  1.997030e-002  1.514262e-005
    764    500    499  2.629809e-006  2.960872e-002  1.716252e-005
    765      0    500  3.302067e-006  2.991885e-002  1.680306e-005
    766    502    501  4.159555e-006  2.466798e-002  1.871241e-005
    767     -1    501  3.149099e-006  2.858738e-002  1.801009e-005
    768    591    501  3.682182e-006  3.377515e-002  1.811945e-005
    769    503    502  8.691770e-007  2.953635e-002  1.984783e-005
    770    512    502  1.028964e-006  2.834224e-002  1.123701e-005
    771    593    503  2.079576e-006  2.447246e-002  1.796415e-005
    772    514    504  1.552004e-006  3.401610e-002  9.443937e-006
    773    604    504  6.263652e-007  2.636737e-002  1.766041e-005
    774    594    504  3.283059e-006  3.094526e-002  1.295997e-005
    775    506    505  4.928254e-006  2.547412e-002  1.944111e-005
    776    605    505  1.921293e-006  3.160072e-002  1.912340e-005
    777    595    505  2.243861e-006  7.957747e-002  1.537991e-005
    778    516    506  4.428041e-006  3.211147e-002  1.713921e-005
    779    508    507  3.337874e-006  3.159928e-002  1.155538e-005
    780    607    507  2.309740e-006  3.345813e-002  1.638597e-005
    781    597    507  2.809800e-006  6.250000e-002  1.587770e-005
    782    509    508  1.052863e-006  3.143443e-002  1.031287e-005
    783    608    508  1.709083e-006  3.181723e-002  1.834147e-005
    784    598    508  3.554304e-006  7.957747e-002  1.618063e-005
    785    519    509  8.964380e-007  3.088891e-002  1.482722e-005
    786    609    509  2.473579e-006  6.250000e-002  1.812273e-005
    787    599    509  2.388397e-006  3.307810e-002  1.620624e-005
    788      0    510  2.191295e-006  3.095595e-002  1.966310e-005
    789    521    511  4.068680e-006  3.626934e-002  1.789233e-005
    790    611    511  2.413850e-006  2.536643e-002  1.835794e-005
    791     -1    511  3.901353e-006  2.847759e-002  1.388494e-005
    792    523    513  4.338862e-006  3.217579e-002  1.603612e-005
    793    615    515  4.001766e-006  2.249779e-002  2.006685e-005
    794    517    516  1.621938e-006  3.026768e-002  1.735688e-005
    795    526    516  2.354195e-006  3.007116e-002  1.870652e-005
    796    617    517  5.246315e-007  2.719254e-002  1.476278e-005
    797    520    519  4.414521e-006  2.827643e-002  1.700209e-005
    798      0    520  2.958302e-006  2.843839e-002  1.784531e-005
    799    620    520  1.779761e-006  2.981087e-002  1.731286e-005
    800    522    521  1.471950e-006  3.144274e-002  1.866700e-005
    801     -1    521  2.971039e-006  3.652291e-002  1.895289e-005
    802    532    522  4.534609e-006  2.332293e-002  1.835390e-005
    803    525    524  1.316549e-006  2.867158e-002  1.349987e-005
    804    628    528  2.339178e-006  3.535783e-002  1.901215e-005
    805    629    529  4.699476e-006  2.541993e-002  1.688419e-005
    806      0    530  3.645873e-006  3.113100e-002  1.849154e-005
    807    630    530  4.459218e-006  2.569620e-002  1.937121e-005
    808     -1    531  4.275213e-006  1.807464e-002  1.862024e-005
    809    542    532  2.816857e-006  2.940343e-002  1.756913e-005
    810    543    533  2.340409e-006  2.862523e-002  1.911874e-005
    811    535    534  4.110747e-006  3.095595e-002  1.791422e-005
    812    544    534  8.091741e-007  3.169979e-002  1.896647e-005
    813    537    536  4.275959e-006  3.530414e-002  1.879588e-005
    814    547    537  3.194284e-006  2.735088e-002  2.026705e-005
    815    637    537  3.270109e-006  3.608030e-002  1.711479e-005
    816    539    538  2.640269e-006  3.311618e-002  1.877576e-005
    817    548    538  3.590955e-006  3.012612e-002  1.520069e-005
    818    638    538  4.856193e-006  2.911022e-002  1.477431e-005
    819    549    539  4.527377e-006  3.033251e-002  1.913731e-005
    820      0    540  2.264235e-006  3.696118e-002  1.927025e-005
    821    550    540  2.949068e-006  3.178351e-002  1.740723e-005
    822    640    540  1.812443e-006  2.940637e-002  1.640839e-005
    823     -1    541  4.307088e-006  2.828772e-002  2.029035e-005
    824    544    543  3.948395e-006  2.784600e-002  1.702554e-005
    825    553    543  9.989358e-007  2.687219e-002  1.827901e-005
    826    547    546  2.454287e-006  3.271206e-002  1.220825e-005
    827    548    547  1.817704e-006  3.214769e-002  1.731688e-005
    828    557    547  2.739472e-006  3.498540e-002  1.639602e-005
    829    549    548  4.119431e-006  2.723920e-002  1.838736e-005
    830    648    548  3.225618e-006  3.285902e-002  1.926916e-005
    831    550    549  2.797919e-006  3.037032e-002  1.502814e-005
    832      0    550  4.263591e-006  2.716606e-002  1.639217e-005
    833    650    550  2.353334e-006  3.173918e-002  1.601816e-005
    834    561    551  3.561859e-006  3.122431e-002  2.027987e-005
    835    651    551  2.359610e-006  3.247840e-002  1.613308e-005
    836     -1    551  2.301853e-006  3.159354e-002  2.013869e-005
    837    562    552  2.623043e-006  2.665462e-002  1.850902e-005
    838    554    553  2.011022e-006  3.142755e-002  1.903077e-005
    839    563    553  2.316886e-006  2.406838e-002  1.497622e-005
    840    555    554  2.132616e-006  2.711212e-002  1.445960e-005
    841    564    554  3.997654e-006  3.255433e-002  1.678668e-005
    842    556    555  3.060012e-006  2.793621e-002  1.422269e-005
    843    565    555  2.257692e-006  3.482871e-002  1.879512e-005
    844    655    555  2.878617e-006  2.942399e-002  1.609854e-005
    845    566    556  1.927495e-006  3.146423e-002  1.673977e-005
    846    559    558  2.092419e-006  3.144303e-002  1.057261e-005
    847    568    558  3.121267e-006  2.754813e-002  1.709099e-005
    848    560    559  1.822833e-006  2.946140e-002  1.372518e-005
    849    659    559  6.331439e-007  3.538680e-002  1.572014e-005
    850      0    560  1.184148e-006  3.035009e-002  1.479378e-005
    851    660    560  1.937612e-006  3.572694e-002  1.482553e-005
    852    661    561  4.560488e-006  2.414845e-002  1.813624e-005
    853     -1    561  1.528955e-006  3.065113e-002  1.861539e-005
    854    572    562  4.611246e-006  3.455071e-002  1.791185e-005
    855    662    562  1.325408e-006  3.660252e-002  1.958024e-005
    856    575    565  3.191486e-006  3.502274e-002  1.791178e-005
    857    568    567  2.463258e-006  2.214818e-002  1.831966e-005
    858    577    567  3.719323e-007  3.230575e-002  1.694013e-005
    859    578    568  6.818131e-007  3.693543e-002  1.306492e-005
    860    668    568  4.126533e-006  3.040121e-002  1.633836e-005
    861      0    570  3.614688e-006  2.862157e-002  1.835849e-005
    862    572    571  1.437416e-006  3.266449e-002  1.961200e-005
    863    671    571  3.538292e-006  3.121025e-002  1.808677e-005
    864     -1    571  4.065667e-006  2.630853e-002  1.831266e-005
    865    573    572  1.370964e-007  3.471371e-002  1.790073e-005
    866    582    572  1.429669e-006  2.175188e-002  1.742897e-005
    867    672    572  2.037464e-006  3.031432e-002  1.854558e-005
    868    575    574  4.264335e-006  2.514209e-002  1.504663e-005
    869    674    574  4.645297e-006  2.804195e-002  1.481763e-005
    870    576    575  1.829368e-006  3.290137e-002  1.834521e-005
    871    585    575  2.780605e-006  3.077149e-002  2.036700e-005
    872    676    576  1.951883e-006  2.882064e-002  1.870164e-005
    873    587    577  3.815348e-006  3.178207e-002  1.814329e-005
    874    677    577  2.444456e-006  3.301420e-002  1.595680e-005
    875    579    578  4.353992e-006  2.590106e-002  1.825364e-005
    876    588    578  3.390034e-006  2.780476e-002  1.645793e-005
    877    580    579  2.409178e-006  2.784473e-002  1.786235e-005
    878      0    580  1.281149e-006  3.445973e-002  1.483228e-005
    879    590    580  3.447212e-006  2.939329e-002  1.819704e-005
    880    591    581  8.621567e-007  3.779025e-002  1.845613e-005
    881     -1    581  3.965145e-006  3.306056e-002  1.682098e-005
    882    583    582  4.396758e-006  3.445004e-002  1.689259e-005
    883    592    582  3.749248e-006  2.876682e-002  1.973764e-005
    884    682    582  2.127147e-006  3.058408e-002  1.871674e-005
    885    584    583  4.332823e-006  3.404603e-002  1.902340e-005
    886    683    583  4.966676e-006  2.559266e-002  1.836410e-005
    887    586    585  1.739138e-006  2.034323e-002  1.994174e-005
    888    595    585  4.871966e-006  2.526333e-002  1.904499e-005
    889    596    586  2.992541e-006  3.079763e-002  1.160987e-005
    890    588    587  1.627103e-006  3.168772e-002  1.359522e-005
    891    688    588  1.910143e-006  3.218985e-002  1.650468e-005
    892    599    589  7.091074e-007  2.819955e-002  1.444541e-005
    893      0    590  1.186994e-006  3.005685e-002  1.379023e-005
    894    600    590  1.022865e-006  3.228392e-002  1.563031e-005
    895    690    590  1.672841e-006  6.250000e-002  1.336568e-005
    896    691    591  2.313190e-006  2.936312e-002  1.796393e-005
    897     -1    591  1.764137e-006  2.721885e-002  1.225999e-005
    898    595    594  2.350380e-006  3.401383e-002  2.028854e-005
    899    694    594  3.045436e-006  2.801746e-002  1.544268e-005
    900    596    595  7.588758e-007  3.785213e-002  1.888581e-005
    901    695    595  3.333230e-006  3.521269e-002  2.042380e-005
    902    696    596  1.170176e-006  2.504194e-002  1.728558e-005
    903    598    597  4.199688e-006  2.627906e-002  1.740123e-005
    904    698    598  8.607488e-007  3.142154e-002  1.722567e-005
    905    600    599  3.136567e-006  2.731872e-002  1.970155e-005
    906      0    600  4.303636e-006  3.230457e-002  1.345276e-005
    907    700    600  3.560494e-007  3.473922e-002  1.838262e-005
    908    602    601  2.226065e-006  3.895278e-002  1.707719e-005
    909    611    601  3.027990e-006  3.185328e-002  2.031565e-005
    910     -1    601  2.652947e-006  2.869372e-002  1.719341e-005
    911    612    602  6.696480e-007  2.973696e-002  1.155661e-005
    912    692    602  2.312574e-006  2.387410e-002  1.918728e-005
    913    604    603  2.741200e-006  2.677113e-002  1.813049e-005
    914    613    603  1.134979e-006  3.136881e-002  1.281262e-005
    915    703    603  2.184978e-006  3.034920e-002  1.448168e-005
    916    605    604  4.512632e-006  3.326537e-002  1.689273e-005
    917    704    604  2.976036e-006  3.252125e-002  1.661923e-005
    918    615    605  3.660240e-006  3.496617e-002  1.816443e-005
    919    695    605  2.016666e-006  2.993027e-002  1.659329e-005
    920    607    606  3.169130e-006  3.249217e-002  1.366227e-005
    921    616    606  8.042445e-007  3.143156e-002  1.887601e-005
    922    696    606  1.633057e-006  3.254049e-002  1.391308e-005
    923    707    607  2.880853e-006  3.270015e-002  1.943628e-005
    924    708    608  4.153138e-006  3.512261e-002  1.620868e-005
    925    619    609  3.740710e-007  2.907785e-002  1.590080e-005
    926      0    610  3.586563e-006  3.655493e-002  1.592174e-005
    927    700    610  2.549517e-006  2.617717e-002  1.434184e-005
    928     -1    611  2.675728e-006  3.310176e-002  1.859947e-005
    929    622    612  2.160183e-006  2.789823e-002  1.285069e-005
    930    712    612  3.036773e-006  3.518658e-002  1.623842e-005
    931    614    613  1.133450e-006  2.220237e-002  1.663739e-005
    932    625    615  1.107006e-006  2.980994e-002  1.960484e-005
    933    715    615  3.442639e-006  3.829009e-002  1.352870e-005
    934    626    616  1.687785e-006  3.099460e-002  1.617960e-005
    935    717    617  1.861827e-006  2.757959e-002  1.379137e-005
    936    619    618  7.828651e-007  3.149089e-002  1.726964e-005
    937    628    618  3.940810e-006  3.364238e-002  1.972491e-005
    938    718    618  1.034245e-006  3.199218e-002  1.245094e-005
    939      0    620  1.786207e-006  3.356636e-002  1.473196e-005
    940    630    620  1.099107e-006  2.994167e-002  1.666712e-005
    941    631    621  4.632257e-006  3.475941e-002  1.968090e-005
    942     -1    621  3.666829e-006  2.654599e-002  1.618273e-005
    943    632    622  2.047724e-006  3.031999e-002  1.961808e-005
    944    722    622  4.822974e-006  2.179111e-002  1.329921e-005
    945    723    623  1.752621e-006  3.704875e-002  1.726946e-005
    946    724    624  2.122049e-006  2.559942e-002  1.464510e-005
    947    628    627  1.939128e-006  3.500227e-002  1.843179e-005
    948    637    627  3.442639e-006  2.341273e-002  1.808924e-005
    949    727    627  1.225923e-006  3.134187e-002  1.744132e-005
    950    639    629  5.893153e-007  3.384561e-002  1.509971e-005
    951    729    629  4.390499e-007  7.957747e-002  1.993147e-005
    952      0    630  2.796064e-006  3.186050e-002  1.744298e-005
    953    731    631  2.024940e-006  2.949799e-002  1.893828e-005
    954     -1    631  4.817268e-006  2.842248e-002  1.854175e-005
    955    642    632  1.333959e-006  2.993150e-002  1.723566e-005
    956    732    632  4.402876e-006  2.854817e-002  1.970462e-005
    957    733    633  1.507006e-006  3.219806e-002  1.994738e-005
    958    635    634  4.456122e-006  3.424214e-002  1.643058e-005
    959    636    635  4.297340e-006  3.381948e-002  1.918883e-005
    960    646    636  3.916433e-006  2.559492e-002  1.693927e-005
    961    639    638  3.751836e-006  3.063943e-002  1.782138e-005
    962    640    639  1.795349e-006  3.099892e-002  1.345829e-005
    963    649    639  2.875636e-006  2.707911e-002  1.735758e-005
    964    739    639  2.522236e-006  3.192669e-002  1.289506e-005
    965      0    640  4.777035e-006  2.764894e-002  1.730478e-005
    966     -1    641  6.775706e-007  3.673270e-002  1.782076e-005
    967    643    642  8.421508e-007  3.069376e-002  1.790254e-005
    968    742    642  3.066049e-006  3.743088e-002  1.935899e-005
    969    644    643  1.586697e-006  3.434959e-002  1.902302e-005
    970    654    644  3.208920e-006  2.386198e-002  1.754127e-005
    971    744    644  3.626317e-006  2.766172e-002  1.606967e-005
    972    646    645  1.964747e-006  2.766172e-002  1.819417e-005
    973    656    646  1.215280e-006  2.805943e-002  1.795333e-005
    974    747    647  2.186341e-006  3.014549e-002  1.757487e-005
    975    658    648  1.303932e-006  3.214799e-002  1.721258e-005
    976    748    648  4.524707e-006  3.007299e-002  1.248502e-005
    977    659    649  2.385937e-006  2.433051e-002  1.936698e-005
    978    749    649  2.129882e-006  6.250000e-002  1.045336e-005
    979      0    650  3.063533e-006  2.724307e-002  1.862364e-005
    980     -1    651  1.878388e-006  2.446813e-002  1.626363e-005
    981    653    652  2.024063e-006  2.872227e-002  1.824619e-005
    982    655    654  8.542209e-007  2.896109e-002  1.403942e-005
    983    656    655  2.527397e-006  3.475343e-002  1.510732e-005
    984    665    655  3.117224e-006  3.449363e-002  1.692154e-005
    985    755    655  2.276697e-006  2.191685e-002  1.524393e-005
    986    756    656  4.311443e-006  3.382636e-002  1.807316e-005
    987    757    657  3.013574e-006  2.744598e-002  1.836603e-005
    988    669    659  8.575765e-007  2.758094e-002  1.562218e-005
    989      0    660  2.061224e-006  2.930177e-002  1.518747e-005
    990    760    660  3.221154e-006  3.510452e-002  1.897497e-005
    991    662    661  1.666275e-006  3.108789e-002  1.779437e-005
    992    671    661  2.836306e-006  3.566292e-002  1.921015e-005
    993     -1    661  4.359451e-006  2.720864e-002  1.871861e-005
    994    663    662  1.370194e-006  2.552819e-002  1.733187e-005
    995    672    662  3.602279e-006  3.358189e-002  1.186238e-005
    996    664    663  1.518130e-006  2.772466e-002  1.834206e-005
    997    763    663  2.384953e-006  3.459863e-002  1.867786e-005
    998    764    664  1.092892e-006  3.018896e-002  1.856838e-005
    999    666    665  1.771631e-006  3.203138e-002  1.512847e-005
   1000    675    665  1.649955e-006  3.569374e-002  1.714732e-005
   1001    667    666  4.387137e-006  3.023138e-002  1.862615e-005
   1002    669    668  3.816586e-006  6.250000e-002  1.891381e-005
   1003    678    668  1.753916e-006  3.426331e-002  1.547278e-005
   1004    768    668  1.756764e-006  2.846255e-002  1.650460e-005
   1005    679    669  4.325435e-006  2.162258e-002  1.435637e-005
   1006      0    670  9.094737e-007  2.961924e-002  1.938949e-005
   1007    672    671  4.352477e-006  2.961096e-002  1.521690e-005
   1008    771    671  2.606806e-006  2.465074e-002  1.538045e-005
   1009     -1    671  3.627922e-006  3.343147e-002  1.793170e-005
   1010    673    672  2.650116e-006  3.361692e-002  1.964858e-005
   1011    674    673  3.923708e-006  3.540802e-002  1.762787e-005
   1012    773    673  1.706213e-006  2.773291e-002  1.484960e-005
   1013    774    674  3.544905e-006  3.500277e-002  1.798010e-005
   1014    685    675  2.966542e-006  3.091204e-002  1.629153e-005
   1015    775    675  1.202216e-006  2.896769e-002  1.755768e-005
   1016    686    676  2.857140e-006  3.172653e-002  1.686702e-005
   1017    679    678  2.414833e-006  3.088052e-002  1.393148e-005
   1018    680    679  7.800761e-007  2.567721e-002  1.727057e-005
   1019    689    679  4.001483e-006  3.648766e-002  1.717736e-005
   1020    779    679  2.561685e-006  2.912380e-002  1.766547e-005
   1021      0    680  4.041192e-006  2.213718e-002  1.926772e-005
   1022    682    681  3.936600e-006  2.648233e-002  1.575035e-005
   1023    691    681  2.246578e-006  3.063534e-002  1.790899e-005
   1024     -1    681  2.275217e-006  3.246554e-002  1.803955e-005
   1025    782    682  4.566346e-006  2.349013e-002  1.761714e-005
   1026    684    683  2.076332e-006  3.422782e-002  2.001283e-005
   1027    685    684  9.007372e-007  3.022808e-002  1.789913e-005
   1028    695    685  3.210067e-006  3.744263e-002  1.903223e-005
   1029    785    685  3.978833e-006  3.398561e-002  1.866162e-005
   1030    687    686  2.543864e-006  2.736640e-002  1.831626e-005
   1031    696    686  2.809305e-006  2.985042e-002  1.895249e-005
   1032    688    687  1.603750e-006  2.943344e-002  1.366268e-005
   1033    697    687  2.503806e-006  3.681569e-002  2.020935e-005
   1034    698    688  1.720290e-006  3.054766e-002  1.417679e-005
   1035    788    688  1.164294e-006  2.911667e-002  1.729034e-005
   1036    690    689  4.643524e-006  3.115973e-002  1.903578e-005
   1037    789    689  2.359241e-006  3.211818e-002  1.757924e-005
   1038      0    690  1.185197e-006  3.566101e-002  1.695303e-005
   1039    700    690  7.600101e-007  3.105106e-002  1.884901e-005
   1040     -1    691  1.222380e-006  3.361275e-002  2.018169e-005
   1041    792    692  1.148996e-006  2.564336e-002  1.271123e-005
   1042    793    693  1.674941e-006  3.269679e-002  1.810094e-005
   1043    695    694  1.249136e-006  3.026498e-002  1.879035e-005
   1044    794    694  1.805122e-006  3.099633e-002  1.450768e-005
   1045    796    696  4.782189e-006  3.222389e-002  1.835769e-005
   1046    698    697  4.757473e-006  2.826942e-002  2.034226e-005
   1047    798    698  4.522038e-006  3.229159e-002  2.051230e-005
   1048    799    699  3.730077e-006  2.998869e-002  1.925035e-005
   1049      0    700  4.504651e-006  3.058232e-002  1.834694e-005
   1050    702    701  3.206755e-006  3.543639e-002  1.867487e-005
   1051    711    701  3.571811e-006  2.780219e-002  1.831301e-005
   1052     -1    701  2.552958e-006  3.774774e-002  2.051091e-005
   1053    791    701  4.702578e-006  3.124152e-002  1.876384e-005
   1054    703    702  4.390037e-006  3.299839e-002  1.405192e-005
   1055    712    702  1.427036e-006  3.320758e-002  1.978248e-005
   1056    802    702  2.308138e-006  3.093083e-002  1.900398e-005
   1057    713    703  1.089779e-006  3.555865e-002  1.854326e-005
   1058    803    703  4.213821e-006  2.977900e-002  1.443992e-005
   1059    714    704  2.549517e-006  2.980713e-002  1.636997e-005
   1060    794    704  1.420379e-006  2.202982e-002  1.439069e-005
   1061    706    705  2.944080e-006  2.323670e-002  1.870534e-005
   1062    805    705  2.911690e-006  2.754588e-002  1.895501e-005
   1063    716    706  3.755379e-006  3.242258e-002  1.855221e-005
   1064    806    706  3.058881e-006  6.250000e-002  1.975600e-005
   1065    796    706  2.108113e-006  2.525833e-002  1.224091e-005
   1066    717    707  1.398239e-006  3.023829e-002  1.896267e-005
   1067    710    709  3.691086e-006  3.453129e-002  1.289496e-005
   1068    719    709  1.280136e-006  2.919201e-002  1.824908e-005
   1069      0    710  1.001862e-006  3.271665e-002  2.013125e-005
   1070    800    710  1.816165e-006  2.726186e-002  1.485643e-005
   1071    721    711  5.383537e-007  2.900127e-002  1.961083e-005
   1072    811    711  3.033008e-006  2.842968e-002  1.964723e-005
   1073     -1    711  3.672616e-006  3.710312e-002  1.918699e-005
   1074    722    712  3.279724e-006  3.481230e-002  2.009764e-005
   1075    724    714  1.318266e-006  2.927955e-002  1.369958e-005
   1076    814    714  1.317265e-006  3.513352e-002  1.730632e-005
   1077    815    715  4.196013e-006  3.506207e-002  1.418741e-005
   1078    717    716  1.196257e-006  2.615236e-002  1.692648e-005
   1079    726    716  1.001374e-006  3.636787e-002  1.808537e-005
   1080    719    718  2.403891e-006  2.784346e-002  1.736094e-005
   1081    728    718  2.557014e-006  3.256487e-002  1.818651e-005
   1082    720    719  4.018244e-006  3.239759e-002  1.830796e-005
   1083    819    719  3.844161e-006  3.214916e-002  1.842972e-005
   1084      0    720  2.491396e-006  3.209193e-002  1.366157e-005
   1085    820    720  3.258712e-006  3.073339e-002  1.559949e-005
   1086     -1    721  4.237461e-006  3.192900e-002  1.866593e-005
   1087    723    722  2.111972e-006  3.310688e-002  1.779336e-005
   1088    822    722  4.762107e-006  3.301357e-002  2.057922e-005
   1089    724    723  1.653381e-006  3.502474e-002  1.584750e-005
   1090    734    724  1.247818e-006  3.211702e-002  1.288980e-005
   1091    726    725  1.221050e-006  3.154163e-002  1.864682e-005
   1092    735    725  3.554967e-006  3.362737e-002  1.545424e-005
   1093    825    725  2.598197e-006  3.495880e-002  1.832305e-005
   1094    737    727  4.483281e-006  3.509937e-002  1.886802e-005
   1095    738    728  2.473948e-006  6.250000e-002  1.946140e-005
   1096    730    729  3.776127e-006  2.927124e-002  1.844440e-005
   1097    829    729  1.411483e-006  3.362946e-002  1.619196e-005
   1098      0    730  3.028617e-006  3.178697e-002  1.705452e-005
   1099    740    730  3.428414e-006  2.695736e-002  1.257047e-005
   1100    741    731  2.682996e-006  3.046338e-002  1.406504e-005
   1101     -1    731  4.792349e-006  2.810186e-002  1.977359e-005
   1102    742    732  2.556277e-006  3.526076e-002  1.983636e-005
   1103    832    732  3.583371e-006  3.356946e-002  1.731514e-005
   1104    734    733  2.170601e-006  3.112669e-002  1.895800e-005
   1105    735    734  5.877669e-007  3.636787e-002  1.587243e-005
   1106    834    734  2.886817e-006  3.441445e-002  1.762779e-005
   1107    736    735  4.463091e-006  3.095393e-002  1.544875e-005
   1108    835    735  2.112469e-006  3.522073e-002  1.722306e-005
   1109    737    736  4.611246e-006  2.853739e-002  2.002969e-005
   1110    746    736  1.065185e-006  3.075492e-002  1.808677e-005
   1111    836    736  4.158388e-006  2.838938e-002  1.910037e-005
   1112    738    737  2.239537e-006  3.457633e-002  1.961911e-005
   1113    837    737  3.273826e-006  3.001380e-002  1.841837e-005
   1114    739    738  1.000724e-006  2.521049e-002  1.496764e-005
   1115    740    739  3.145174e-006  6.250000e-002  1.516670e-005
   1116    749    739  2.428601e-006  3.385399e-002  1.643487e-005
   1117    839    739  2.644453e-006  3.477509e-002  1.643667e-005
   1118      0    740  2.357395e-006  3.555255e-002  1.886773e-005
   1119    750    740  1.976266e-007  3.610738e-002  1.343396e-005
   1120    840    740  1.363288e-006  2.659785e-002  1.481984e-005
   1121     -1    741  3.226256e-006  3.017177e-002  1.641750e-005
   1122    842    742  4.479391e-006  2.605398e-002  1.860356e-005
   1123    753    743  2.129136e-006  2.920612e-002  1.793195e-005
   1124    844    744  4.787349e-006  3.456936e-002  2.052926e-005
   1125    845    745  2.358503e-006  3.575796e-002  1.228952e-005
   1126    747    746  4.657082e-006  2.696768e-002  2.036601e-005
   1127    756    746  3.926088e-006  3.170841e-002  1.921190e-005
   1128    846    746  3.697569e-006  3.536745e-002  1.643785e-005
   1129    748    747  1.267077e-006  2.554881e-002  1.816329e-005
   1130    848    748  1.099262e-006  3.446944e-002  1.857582e-005
   1131    759    749  2.190305e-006  2.691526e-002  1.501207e-005
   1132      0    750  2.587992e-006  2.955017e-002  1.713197e-005
   1133     -1    751  1.734723e-006  3.130088e-002  1.575955e-005
   1134    762    752  1.031046e-006  3.176710e-002  1.808631e-005
   1135    754    753  2.143053e-006  2.221837e-002  1.837300e-005
   1136    853    753  3.344200e-006  2.963738e-002  1.757906e-005
   1137    755    754  1.526656e-006  3.306502e-002  1.803431e-005
   1138    765    755  1.400473e-006  2.895379e-002  1.497879e-005
   1139    757    756  4.022797e-006  2.938608e-002  1.859637e-005
   1140    767    757  2.229527e-006  3.125787e-002  1.824680e-005
   1141    857    757  2.759598e-006  2.936148e-002  1.867079e-005
   1142    858    758  4.413447e-006  2.957549e-002  1.827022e-005
   1143    760    759  1.358771e-006  2.420254e-002  1.847665e-005
   1144      0    760  4.354750e-006  3.439906e-002  1.957522e-005
   1145    860    760  3.938845e-006  3.134502e-002  1.502351e-005
   1146    771    761  4.427425e-006  2.234993e-002  1.792711e-005
   1147     -1    761  2.389305e-007  3.062129e-002  1.944719e-005
   1148    763    762  3.065923e-006  6.250000e-002  1.838720e-005
   1149    772    762  4.805543e-006  2.222103e-002  2.031221e-005
   1150    774    764  1.574537e-006  3.189343e-002  1.890785e-005
   1151    866    766  4.792849e-006  2.851728e-002  2.001984e-005
   1152    777    767  6.868428e-007  3.129199e-002  2.042504e-005
   1153    867    767  3.184876e-006  3.467357e-002  1.622125e-005
   1154    769    768  1.859659e-006  3.053502e-002  1.851846e-005
   1155    869    769  4.936013e-006  3.261018e-002  1.961571e-005
   1156      0    770  3.014827e-006  3.497207e-002  1.292778e-005
   1157    781    771  7.411648e-007  3.200611e-002  1.547239e-005
   1158     -1    771  2.912188e-006  2.891927e-002  1.693940e-005
   1159    782    772  8.718016e-007  3.133528e-002  1.711483e-005
   1160    872    772  4.831549e-006  3.160875e-002  2.004017e-005
   1161    775    774  3.860210e-006  3.371170e-002  1.534147e-005
   1162    785    775  3.654580e-007  3.019258e-002  1.597149e-005
   1163    875    775  1.425096e-006  3.389353e-002  1.843532e-005
   1164    786    776  4.528319e-006  2.947631e-002  2.004457e-005
   1165    787    777  1.651668e-006  2.811232e-002  1.498601e-005
   1166    788    778  4.961983e-006  3.028713e-002  2.046540e-005
   1167    878    778  4.459373e-006  3.606041e-002  1.913859e-005
   1168    780    779  2.902856e-006  3.128253e-002  1.568878e-005
   1169    789    779  9.894782e-007  2.328778e-002  1.655052e-005
   1170      0    780  3.452311e-006  3.019830e-002  1.743889e-005
   1171    791    781  2.856147e-006  3.244733e-002  1.714342e-005
   1172     -1    781  2.151372e-006  2.955659e-002  1.790010e-005
   1173    783    782  2.315038e-006  3.584115e-002  1.762830e-005
   1174    784    783  2.683858e-006  3.248408e-002  1.985879e-005
   1175    785    784  4.064089e-006  2.873919e-002  1.870157e-005
   1176    884    784  2.102261e-006  3.153790e-002  1.277100e-005
   1177    797    787  2.414711e-006  3.626513e-002  1.677976e-005
   1178    888    788  2.402047e-006  2.876288e-002  1.765858e-005
   1179    790    789  1.317265e-006  2.959596e-002  1.864762e-005
   1180    799    789  4.451328e-006  3.406929e-002  2.053917e-005
   1181      0    790  3.802568e-006  3.530359e-002  1.816865e-005
   1182    800    790  3.686632e-006  3.173918e-002  1.542373e-005
   1183    890    790  2.795569e-006  3.598558e-002  1.071817e-005
   1184    891    791  2.203057e-006  7.957747e-002  2.031330e-005
   1185     -1    791  2.267567e-006  7.957747e-002  1.646381e-005
   1186    793    792  1.223561e-006  6.250000e-002  1.872127e-005
   1187    794    793  1.822449e-006  2.743490e-002  1.835476e-005
   1188    893    793  8.287252e-007  2.751873e-002  1.480002e-005
   1189    895    795  4.958685e-006  2.900300e-002  1.730882e-005
   1190    798    797  3.142262e-006  2.870313e-002  1.393938e-005
   1191    898    798  3.748432e-006  2.562406e-002  1.676135e-005
   1192      0    800  1.648505e-006  2.519608e-002  1.333464e-005
   1193    811    801  2.012778e-006  3.307235e-002  1.915842e-005
   1194     -1    801  3.761242e-006  2.310235e-002  1.774588e-005
   1195    891    801  4.450400e-006  3.569957e-002  1.831638e-005
   1196    803    802  3.266010e-006  3.349784e-002  1.602523e-005
   1197    902    802  3.807237e-006  3.384197e-002  1.628414e-005
   1198    814    804  2.939092e-006  3.378808e-002  1.662031e-005
   1199    894    804  4.551793e-006  3.015879e-002  1.681247e-005
   1200    895    805  2.204666e-006  3.581990e-002  1.946174e-005
   1201    816    806  2.710481e-006  3.091436e-002  1.765902e-005
   1202    897    807  1.414960e-006  2.871613e-002  1.912509e-005
   1203    809    808  5.118766e-007  2.557836e-002  1.571873e-005
   1204    909    809  1.480845e-006  3.162827e-002  1.661485e-005
   1205      0    810  3.426980e-006  3.172135e-002  2.084893e-005
   1206    910    810  3.491111e-006  3.300914e-002  2.041125e-005
   1207    812    811  4.414214e-006  2.614597e-002  1.381934e-005
   1208    821    811  1.040151e-006  2.557761e-002  1.962789e-005
   1209     -1    811  2.465838e-006  2.649515e-002  1.887212e-005
   1210    813    812  6.223184e-007  2.863255e-002  1.993820e-005
   1211    822    812  2.329943e-006  6.250000e-002  1.882541e-005
   1212    913    813  3.899261e-006  3.326340e-002  1.966429e-005
   1213    824    814  2.440277e-006  3.180339e-002  1.497289e-005
   1214    916    816  4.592245e-006  3.586888e-002  1.659247e-005
   1215    827    817  3.766837e-006  7.957747e-002  1.793050e-005
   1216    917    817  1.403821e-006  2.877504e-002  1.907644e-005
   1217    828    818  2.605699e-006  3.147197e-002  1.585762e-005
   1218    919    819  4.469760e-006  2.918596e-002  1.947827e-005
   1219      0    820  2.805096e-006  3.102341e-002  1.978781e-005
   1220    830    820  3.810323e-007  2.935062e-002  1.646760e-005
   1221    822    821  2.692360e-006  3.036140e-002  1.972682e-005
   1222    831    821  4.410841e-006  3.345441e-002  1.826560e-005
   1223    921    821  4.275362e-006  3.666279e-002  1.850814e-005
   1224     -1    821  3.075486e-006  3.224975e-002  1.778283e-005
   1225    832    822  3.549669e-006  3.832585e-002  1.680635e-005
   1226    922    822  3.341101e-006  3.318356e-002  1.993329e-005
   1227    824    823  2.594631e-006  2.682652e-002  1.712285e-005
   1228    923    823  2.379910e-006  3.358189e-002  1.776968e-005
   1229    825    824  4.160723e-006  3.537711e-002  1.508969e-005
   1230    926    826  3.207265e-006  3.419460e-002  1.870229e-005
   1231    837    827  4.718613e-006  3.268794e-002  2.032443e-005
   1232    927    827  2.053101e-006  3.187465e-002  1.873993e-005
   1233    838    828  4.385917e-006  3.252996e-002  1.998273e-005
   1234    929    829  1.326692e-006  3.434182e-002  1.823941e-005
   1235      0    830  2.540914e-006  3.253748e-002  1.734241e-005
   1236    832    831  3.765608e-006  3.070688e-002  1.823784e-005
   1237     -1    831  3.703247e-006  2.940310e-002  1.980569e-005
   1238    842    832  3.184241e-006  2.483030e-002  1.198158e-005
   1239    933    833  1.731735e-006  2.286387e-002  1.591222e-005
   1240    835    834  1.215132e-006  3.295397e-002  1.611808e-005
   1241    844    834  3.987033e-006  3.273042e-002  1.951883e-005
   1242    845    835  3.109774e-006  1.864237e-002  1.352434e-005
   1243    935    835  1.173187e-006  3.217462e-002  1.499579e-005
   1244    837    836  5.472183e-007  3.182357e-002  1.549704e-005
   1245    936    836  4.272231e-006  2.668684e-002  1.431873e-005
   1246    847    837  1.069120e-006  3.216934e-002  2.042276e-005
   1247    937    837  3.585898e-006  3.027426e-002  1.922310e-005
   1248    848    838  1.685428e-006  2.734522e-002  1.638680e-005
   1249      0    840  1.226513e-006  3.333924e-002  1.514130e-005
   1250    940    840  1.314545e-006  3.258690e-002  1.833230e-005
   1251     -1    841  1.987156e-006  3.016966e-002  1.695463e-005
   1252    843    842  1.654566e-006  3.260261e-002  1.654811e-005
   1253    852    842  1.088065e-006  2.896908e-002  1.695099e-005
   1254    854    844  2.191791e-006  3.192322e-002  1.936969e-005
   1255    944    844  2.697413e-006  3.154335e-002  1.884035e-005
   1256    846    845  2.853542e-006  4.057248e-002  1.483760e-005
   1257    855    845  2.559512e-007  3.359990e-002  1.860749e-005
   1258    856    846  3.988448e-006  3.238749e-002  1.920957e-005
   1259    946    846  2.178535e-006  3.031103e-002  1.716054e-005
   1260    849    848  1.170326e-006  2.744875e-002  1.409194e-005
   1261    850    849  3.109774e-006  2.947372e-002  1.702246e-005
   1262      0    850  1.125947e-006  3.311426e-002  1.777811e-005
   1263    860    850  2.912934e-006  3.231668e-002  1.488838e-005
   1264    950    850  3.376933e-006  3.335950e-002  1.915907e-005
   1265    852    851  2.198106e-006  3.742921e-002  1.504771e-005
   1266    861    851  2.154102e-006  3.396503e-002  1.200863e-005
   1267    951    851  2.039217e-006  6.250000e-002  1.282066e-005
   1268     -1    851  2.456868e-006  2.831408e-002  1.646714e-005
   1269    853    852  3.104599e-006  2.905733e-002  1.845701e-005
   1270    863    853  2.143053e-006  2.955562e-002  1.887485e-005
   1271    954    854  3.306567e-006  2.813476e-002  1.880632e-005
   1272    856    855  1.964117e-006  3.155310e-002  1.662995e-005
   1273    865    855  1.185946e-006  2.290759e-002  1.757478e-005
   1274    956    856  3.030248e-006  3.620954e-002  1.512114e-005
   1275    957    857  3.578851e-006  2.790953e-002  1.912101e-005
   1276    860    859  7.770947e-007  3.394565e-002  1.398436e-005
   1277    959    859  2.697290e-006  2.931401e-002  1.803022e-005
   1278      0    860  3.981094e-006  2.373344e-002  1.609033e-005
   1279    862    861  4.432504e-006  2.870059e-002  1.516088e-005
   1280    871    861  3.574599e-006  3.530027e-002  1.875819e-005
   1281     -1    861  9.200341e-007  3.014216e-002  1.427109e-005
   1282    863    862  4.221640e-006  3.530248e-002  1.862905e-005
   1283    872    862  3.904282e-006  3.274268e-002  1.957081e-005
   1284    962    862  2.624273e-006  2.675812e-002  1.907574e-005
   1285    873    863  1.776149e-006  3.302054e-002  1.928363e-005
   1286    963    863  2.560455e-006  3.507123e-002  1.907521e-005
   1287    865    864  2.442244e-006  3.571778e-002  1.741229e-005
   1288    866    865  2.823297e-006  3.547985e-002  1.152548e-005
   1289    965    865  4.286875e-007  2.744367e-002  1.771856e-005
   1290    868    867  4.526434e-006  3.479317e-002  1.667692e-005
   1291    968    868  6.890487e-007  2.659502e-002  1.933541e-005
   1292    879    869  1.766076e-006  2.792081e-002  1.679359e-005
   1293      0    870  4.913981e-006  3.108760e-002  1.944647e-005
   1294     -1    871  1.817832e-006  2.582900e-002  1.613482e-005
   1295    972    872  6.838277e-007  2.960426e-002  1.817139e-005
   1296    973    873  4.396146e-006  3.159440e-002  2.024976e-005
   1297    884    874  3.994112e-006  3.043469e-002  1.559755e-005
   1298    877    876  4.011704e-006  2.790660e-002  1.812596e-005
   1299    976    876  4.838286e-006  3.467222e-002  1.975969e-005
   1300    889    879  3.208793e-006  2.448864e-002  1.829114e-005
   1301    979    879  3.824433e-006  3.415111e-002  1.543540e-005
   1302      0    880  2.163284e-006  2.952283e-002  1.809949e-005
   1303    980    880  4.041620e-006  3.337249e-002  1.467427e-005
   1304    882    881  4.826503e-006  3.347099e-002  1.906281e-005
   1305     -1    881  2.643961e-006  3.460873e-002  1.247152e-005
   1306    883    882  3.676260e-007  3.449576e-002  1.127736e-005
   1307    892    882  2.797672e-006  2.905047e-002  1.798636e-005
   1308    985    885  2.861731e-006  3.828370e-002  1.155080e-005
   1309    986    886  2.791116e-006  3.250445e-002  1.485163e-005
   1310    888    887  1.498304e-006  2.988640e-002  1.638734e-005
   1311    988    888  3.036773e-006  3.308992e-002  1.736181e-005
   1312      0    890  2.124660e-006  3.003122e-002  1.838404e-005
   1313    892    891  3.938985e-006  3.390088e-002  1.923993e-005
   1314    991    891  1.975202e-006  3.123980e-002  1.705148e-005
   1315     -1    891  2.328465e-006  3.556723e-002  1.879408e-005
   1316    893    892  4.110892e-006  2.849635e-002  1.824498e-005
   1317    994    894  3.341101e-006  2.849372e-002  1.613426e-005
   1318    896    895  4.744756e-006  3.049821e-002  1.758568e-005
   1319    997    897  2.282865e-006  3.563249e-002  1.717798e-005
   1320    899    898  2.243243e-006  3.269984e-002  1.889745e-005
   1321    900    899  2.671294e-006  7.957747e-002  1.648478e-005
   1322      0    900  2.963670e-006  2.471911e-002  1.750460e-005
   1323     -1    901  3.356736e-006  3.132009e-002  1.950567e-005
   1324    991    901  8.301630e-007  3.378377e-002  1.560628e-005
   1325    993    903  7.906442e-007  3.290543e-002  1.974797e-005
   1326    905    904  2.309863e-006  3.157403e-002  1.939567e-005
   1327    915    905  3.873663e-006  2.944841e-002  1.966407e-005
   1328    907    906  1.418296e-006  3.591397e-002  1.351780e-005
   1329    916    906  4.670520e-006  2.685632e-002  2.033994e-005
   1330    908    907  2.459694e-006  2.975643e-002  1.592589e-005
   1331    998    908  4.026073e-006  6.250000e-002  1.854022e-005
   1332    919    909  3.362816e-006  3.385508e-002  1.889296e-005
   1333      0    910  2.648146e-006  3.060987e-002  1.955272e-005
   1334     -1    911  4.045246e-007  6.250000e-002  1.883545e-005
   1335    914    913  2.880729e-006  3.638837e-002  1.752797e-005
   1336    923    913  4.107566e-006  3.472280e-002  1.872062e-005
   1337    925    915  2.012151e-006  3.039735e-002  1.400405e-005
   1338    917    916  1.083070e-006  3.096662e-002  1.836584e-005
   1339    918    917  3.001802e-006  2.978713e-002  1.606769e-005
   1340    928    918  1.570655e-006  2.926192e-002  1.877307e-005
   1341    920    919  4.923433e-006  2.921349e-002  1.887191e-005
   1342      0    920  3.326782e-006  3.498046e-002  2.098020e-005
   1343    931    921  2.913308e-006  3.414916e-002  1.295833e-005
   1344     -1    921  3.016080e-006  3.261805e-002  1.867565e-005
   1345    933    923  2.064222e-006  3.226624e-002  1.619801e-005
   1346    934    924  2.563528e-006  2.931633e-002  1.525842e-005
   1347    935    925  3.197973e-006  3.302276e-002  1.887945e-005
   1348    930    929  4.605330e-006  3.543174e-002  1.924535e-005
   1349    939    929  6.150347e-007  2.737063e-002  1.349237e-005
   1350      0    930  2.911939e-006  2.609768e-002  1.851427e-005
   1351     -1    931  3.908470e-006  2.694337e-002  2.113208e-005
   1352    942    932  3.284984e-006  3.344057e-002  1.930036e-005
   1353    934    933  4.780692e-006  3.337249e-002  2.072439e-005
   1354    943    933  3.315446e-006  3.252966e-002  1.107155e-005
   1355    944    934  3.610016e-006  2.752145e-002  1.825047e-005
   1356    945    935  1.833721e-006  2.322980e-002  1.991546e-005
   1357    948    938  2.589221e-006  2.654885e-002  1.763926e-005
   1358    949    939  2.480952e-006  2.631036e-002  1.212563e-005
   1359      0    940  3.894384e-006  3.294236e-002  1.714556e-005
   1360    942    941  1.123645e-006  3.373727e-002  1.875083e-005
   1361     -1    941  8.803453e-007  3.086576e-002  1.568299e-005
   1362    943    942  2.202438e-006  7.957747e-002  1.859728e-005
   1363    952    942  3.467887e-006  3.127995e-002  1.826296e-005
   1364    953    943  2.942084e-006  3.118155e-002  1.478179e-005
   1365    955    945  8.287252e-007  3.239729e-002  1.256950e-005
   1366    948    947  9.799741e-007  3.739782e-002  1.665742e-005
   1367    958    948  1.484943e-006  2.798627e-002  1.590634e-005
   1368      0    950  3.556292e-006  3.214038e-002  2.024741e-005
   1369     -1    951  2.769481e-006  2.954824e-002  1.843189e-005
   1370    962    952  1.393487e-006  3.238897e-002  1.610441e-005
   1371    954    953  8.513894e-007  7.957747e-002  1.761114e-005
   1372    956    955  3.502156e-006  2.673632e-002  1.712613e-005
   1373    957    956  4.634669e-006  3.372376e-002  1.741310e-005
   1374    966    956  4.397981e-006  7.957747e-002  1.994039e-005
   1375    958    957  3.193266e-006  3.635814e-002  1.495412e-005
   1376    967    957  3.034138e-006  3.383216e-002  2.061600e-005
   1377    968    958  1.634643e-006  2.384303e-002  1.714532e-005
   1378    960    959  3.955708e-006  3.027516e-002  1.609704e-005
   1379      0    960  4.450246e-006  3.140807e-002  1.994844e-005
   1380    970    960  2.711465e-007  3.154822e-002  1.907702e-005
   1381     -1    961  3.387958e-006  6.250000e-002  1.782525e-005
   1382    972    962  1.786207e-006  2.790409e-002  1.699184e-005
   1383    964    963  6.120196e-007  3.592538e-002  1.927246e-005
   1384    973    963  4.719597e-006  3.350943e-002  1.778790e-005
   1385    965    964  2.269911e-006  3.381550e-002  1.475461e-005
   1386    975    965  3.639170e-006  3.249906e-002  1.760523e-005
   1387    967    966  2.775414e-006  3.055589e-002  1.729666e-005
   1388    976    966  4.557640e-006  3.810340e-002  1.653522e-005
   1389    968    967  4.956776e-006  3.015879e-002  1.685017e-005
   1390    970    969  1.926609e-006  3.275219e-002  1.599964e-005
   1391      0    970  1.942035e-006  3.073513e-002  1.960061e-005
   1392    981    971  4.210873e-006  2.411547e-002  1.535000e-005
   1393     -1    971  3.356736e-006  2.576682e-002  1.364726e-005
   1394    973    972  4.127403e-006  3.522342e-002  1.541649e-005
   1395    982    972  1.498031e-006  3.562494e-002  2.067894e-005
   1396    983    973  1.464683e-006  3.218165e-002  1.603084e-005
   1397    984    974  2.048600e-006  3.248678e-002  1.476667e-005
   1398    985    975  3.295864e-007  3.113302e-002  1.551553e-005
   1399    986    976  3.394449e-006  2.994875e-002  1.958354e-005
   1400    978    977  2.985412e-006  3.157949e-002  1.439596e-005
   1401    979    978  4.138438e-006  2.998807e-002  1.848299e-005
   1402    988    978  3.134922e-006  2.946983e-002  1.839939e-005
   1403      0    980  3.331037e-006  3.389978e-002  1.601282e-005
   1404    990    980  9.239352e-007  3.065931e-002  1.703436e-005
   1405    982    981  3.493608e-006  3.096172e-002  1.876208e-005
   1406     -1    981  2.649869e-006  2.815034e-002  1.640844e-005
   1407    993    983  1.584962e-006  3.028025e-002  1.945674e-005
   1408    985    984  2.107117e-006  3.377515e-002  1.403742e-005
   1409    986    985  7.512883e-007  3.026408e-002  1.704985e-005
   1410    996    986  4.460767e-006  2.666909e-002  1.923879e-005
   1411    997    987  2.410531e-006  2.902987e-002  1.351795e-005
   1412    989    988  3.955286e-006  2.936739e-002  1.822694e-005
   1413      0    990  4.291799e-006  3.139918e-002  1.769357e-005
   1414   1000    990  8.542209e-007  2.796689e-002  1.490272e-005
   1415    992    991  2.457728e-006  2.836490e-002  1.228492e-005
   1416     -1    991  2.084939e-006  2.537447e-002  1.776487e-005
   1417    993    992  1.586564e-006  3.082926e-002  1.064438e-005
   1418    994    993  2.457236e-006  2.923591e-002  1.493811e-005
   1419    997    996  5.128468e-007  3.159985e-002  1.627140e-005
   1420   1000    999  6.910504e-007  2.805983e-002  1.612669e-005
   1421      0   1000  4.642074e-006  3.569633e-002  1.797784e-005
