9   9.383203e-004   9.329047e-004   3.175356e-004
      1  5.271370e-005  5.271370e-005  1.587678e-004    3      2      4     -1      1      0      1      2      3
      2  4.691602e-004  5.271370e-005  1.587678e-004    3      3      5      1      0      0      4      5      1
      3  8.856066e-004  5.271370e-005  1.587678e-004    3      0      6      2      0      1      6      7      4
      4  5.271370e-005  4.664523e-004  1.587678e-004    4      5      7     -1      1      1      0      8      9     10      2
      5  4.691602e-004  4.664523e-004  1.587678e-004    4      6      8      4      2      0      0     11     12      8      5
      6  8.856066e-004  4.664523e-004  1.587678e-004    4      0      9      5      3      0      1     13     14     11      7
      7  5.271370e-005  8.801910e-004  1.587678e-004    3      8     -1      4      1      0     15     16      9
      8  4.691602e-004  8.801910e-004  1.587678e-004    3      9      7      5      0      0     17     15     12
      9  8.856066e-004  8.801910e-004  1.587678e-004    3      0      8      6      0      1     18     17     14
