      1  4.021239e-013  4.000000e-005  7.957747e-002  0.000000e+000
      2  4.021239e-013  4.000000e-005  7.957747e-002  0.000000e+000
      3  4.021239e-013  4.000000e-005  7.957747e-002  0.000000e+000
      4  4.021239e-013  4.000000e-005  7.957747e-002  0.000000e+000
      5  4.021239e-013  4.000000e-005  7.957747e-002  0.000000e+000
      6  4.021239e-013  4.000000e-005  7.957747e-002  0.000000e+000
      7  4.021239e-013  4.000000e-005  7.957747e-002  0.000000e+000
      8  4.021239e-013  4.000000e-005  7.957747e-002  0.000000e+000
      9  4.021239e-013  4.000000e-005  7.957747e-002  0.000000e+000
     10  4.021239e-013  4.000000e-005  7.957747e-002  0.000000e+000
     11  4.021239e-013  4.000000e-005  7.957747e-002  0.000000e+000
     12  4.021239e-013  4.000000e-005  7.957747e-002  0.000000e+000
     13  4.021239e-013  4.000000e-005  7.957747e-002  0.000000e+000
     14  4.021239e-013  4.000000e-005  7.957747e-002  0.000000e+000
     15  4.021239e-013  4.000000e-005  7.957747e-002  0.000000e+000
     16  4.021239e-013  4.000000e-005  7.957747e-002  0.000000e+000
     17  4.021239e-013  4.000000e-005  7.957747e-002  0.000000e+000
     18  4.021239e-013  4.000000e-005  7.957747e-002  0.000000e+000
     19  4.021239e-013  4.000000e-005  7.957747e-002  0.000000e+000
     20  4.021239e-013  4.000000e-005  7.957747e-002  0.000000e+000
     21  4.021239e-013  4.000000e-005  7.957747e-002  0.000000e+000
     22  4.021239e-013  4.000000e-005  7.957747e-002  0.000000e+000
     23  4.021239e-013  4.000000e-005  7.957747e-002  0.000000e+000
     24  4.021239e-013  4.000000e-005  7.957747e-002  0.000000e+000
     25  4.021239e-013  4.000000e-005  7.957747e-002  0.000000e+000
     26  4.021239e-013  4.000000e-005  7.957747e-002  0.000000e+000
     27  4.021239e-013  4.000000e-005  7.957747e-002  0.000000e+000
     28  4.021239e-013  4.000000e-005  7.957747e-002  0.000000e+000
     29  4.021239e-013  4.000000e-005  7.957747e-002  0.000000e+000
     30  4.021239e-013  4.000000e-005  7.957747e-002  0.000000e+000
     31  4.021239e-013  4.000000e-005  7.957747e-002  0.000000e+000
     32  4.021239e-013  4.000000e-005  7.957747e-002  0.000000e+000
     33  4.021239e-013  4.000000e-005  7.957747e-002  0.000000e+000
     34  4.021239e-013  4.000000e-005  7.957747e-002  0.000000e+000
     35  4.021239e-013  4.000000e-005  7.957747e-002  0.000000e+000
     36  4.021239e-013  4.000000e-005  7.957747e-002  0.000000e+000
     37  4.021239e-013  4.000000e-005  7.957747e-002  0.000000e+000
     38  4.021239e-013  4.000000e-005  7.957747e-002  0.000000e+000
     39  4.021239e-013  4.000000e-005  7.957747e-002  0.000000e+000
     40  4.021239e-013  4.000000e-005  7.957747e-002  0.000000e+000
     41  4.021239e-013  4.000000e-005  7.957747e-002  0.000000e+000
     42  4.021239e-013  4.000000e-005  7.957747e-002  0.000000e+000
     43  4.021239e-013  4.000000e-005  7.957747e-002  0.000000e+000
     44  4.021239e-013  4.000000e-005  7.957747e-002  0.000000e+000
     45  4.021239e-013  4.000000e-005  7.957747e-002  0.000000e+000
     46  4.021239e-013  4.000000e-005  7.957747e-002  0.000000e+000
     47  4.021239e-013  4.000000e-005  7.957747e-002  0.000000e+000
     48  4.021239e-013  4.000000e-005  7.957747e-002  0.000000e+000
     49  4.021239e-013  4.000000e-005  7.957747e-002  0.000000e+000
     50  4.021239e-013  4.000000e-005  7.957747e-002  0.000000e+000
     51  4.021239e-013  4.000000e-005  7.957747e-002  0.000000e+000
     52  4.021239e-013  4.000000e-005  7.957747e-002  0.000000e+000
     53  4.021239e-013  4.000000e-005  7.957747e-002  0.000000e+000
     54  4.021239e-013  4.000000e-005  7.957747e-002  0.000000e+000
     55  4.021239e-013  4.000000e-005  7.957747e-002  0.000000e+000
     56  4.021239e-013  4.000000e-005  7.957747e-002  0.000000e+000
     57  4.021239e-013  4.000000e-005  7.957747e-002  0.000000e+000
     58  4.021239e-013  4.000000e-005  7.957747e-002  0.000000e+000
     59  4.021239e-013  4.000000e-005  7.957747e-002  0.000000e+000
     60  4.021239e-013  4.000000e-005  7.957747e-002  0.000000e+000
     61  4.021239e-013  4.000000e-005  7.957747e-002  0.000000e+000
     62  4.021239e-013  4.000000e-005  7.957747e-002  0.000000e+000
     63  4.021239e-013  4.000000e-005  7.957747e-002  0.000000e+000
     64  4.021239e-013  4.000000e-005  7.957747e-002  0.000000e+000
     65  4.021239e-013  4.000000e-005  7.957747e-002  0.000000e+000
     66  4.021239e-013  4.000000e-005  7.957747e-002  0.000000e+000
     67  4.021239e-013  4.000000e-005  7.957747e-002  0.000000e+000
     68  4.021239e-013  4.000000e-005  7.957747e-002  0.000000e+000
     69  4.021239e-013  4.000000e-005  7.957747e-002  0.000000e+000
     70  4.021239e-013  4.000000e-005  7.957747e-002  0.000000e+000
     71  4.021239e-013  4.000000e-005  7.957747e-002  0.000000e+000
     72  4.021239e-013  4.000000e-005  7.957747e-002  0.000000e+000
     73  4.021239e-013  4.000000e-005  7.957747e-002  0.000000e+000
     74  4.021239e-013  4.000000e-005  7.957747e-002  0.000000e+000
     75  4.021239e-013  4.000000e-005  7.957747e-002  0.000000e+000
     76  4.021239e-013  4.000000e-005  7.957747e-002  0.000000e+000
     77  4.021239e-013  4.000000e-005  7.957747e-002  0.000000e+000
     78  4.021239e-013  4.000000e-005  7.957747e-002  0.000000e+000
     79  4.021239e-013  4.000000e-005  7.957747e-002  0.000000e+000
     80  4.021239e-013  4.000000e-005  7.957747e-002  0.000000e+000
     81  4.021239e-013  4.000000e-005  7.957747e-002  0.000000e+000
     82  4.021239e-013  4.000000e-005  7.957747e-002  0.000000e+000
     83  4.021239e-013  4.000000e-005  7.957747e-002  0.000000e+000
     84  4.021239e-013  4.000000e-005  7.957747e-002  0.000000e+000
     85  4.021239e-013  4.000000e-005  7.957747e-002  0.000000e+000
     86  4.021239e-013  4.000000e-005  7.957747e-002  0.000000e+000
     87  4.021239e-013  4.000000e-005  7.957747e-002  0.000000e+000
     88  4.021239e-013  4.000000e-005  7.957747e-002  0.000000e+000
     89  4.021239e-013  4.000000e-005  7.957747e-002  0.000000e+000
     90  4.021239e-013  4.000000e-005  7.957747e-002  0.000000e+000
     91  4.021239e-013  4.000000e-005  7.957747e-002  0.000000e+000
     92  4.021239e-013  4.000000e-005  7.957747e-002  0.000000e+000
     93  4.021239e-013  4.000000e-005  7.957747e-002  0.000000e+000
     94  4.021239e-013  4.000000e-005  7.957747e-002  0.000000e+000
     95  4.021239e-013  4.000000e-005  7.957747e-002  0.000000e+000
     96  4.021239e-013  4.000000e-005  7.957747e-002  0.000000e+000
     97  4.021239e-013  4.000000e-005  7.957747e-002  0.000000e+000
     98  4.021239e-013  4.000000e-005  7.957747e-002  0.000000e+000
     99  4.021239e-013  4.000000e-005  7.957747e-002  0.000000e+000
    100  4.021239e-013  4.000000e-005  7.957747e-002  0.000000e+000
    101  4.021239e-013  4.000000e-005  7.957747e-002  0.000000e+000
    102  4.021239e-013  4.000000e-005  7.957747e-002  0.000000e+000
    103  4.021239e-013  4.000000e-005  7.957747e-002  0.000000e+000
    104  4.021239e-013  4.000000e-005  7.957747e-002  0.000000e+000
    105  4.021239e-013  4.000000e-005  7.957747e-002  0.000000e+000
    106  4.021239e-013  4.000000e-005  7.957747e-002  0.000000e+000
    107  4.021239e-013  4.000000e-005  7.957747e-002  0.000000e+000
    108  4.021239e-013  4.000000e-005  7.957747e-002  0.000000e+000
    109  4.021239e-013  4.000000e-005  7.957747e-002  0.000000e+000
    110  4.021239e-013  4.000000e-005  7.957747e-002  0.000000e+000
    111  4.021239e-013  4.000000e-005  7.957747e-002  0.000000e+000
    112  4.021239e-013  4.000000e-005  7.957747e-002  0.000000e+000
    113  4.021239e-013  4.000000e-005  7.957747e-002  0.000000e+000
    114  4.021239e-013  4.000000e-005  7.957747e-002  0.000000e+000
    115  4.021239e-013  4.000000e-005  7.957747e-002  0.000000e+000
    116  4.021239e-013  4.000000e-005  7.957747e-002  0.000000e+000
    117  4.021239e-013  4.000000e-005  7.957747e-002  0.000000e+000
    118  4.021239e-013  4.000000e-005  7.957747e-002  0.000000e+000
    119  4.021239e-013  4.000000e-005  7.957747e-002  0.000000e+000
    120  4.021239e-013  4.000000e-005  7.957747e-002  0.000000e+000
    121  4.021239e-013  4.000000e-005  7.957747e-002  0.000000e+000
    122  4.021239e-013  4.000000e-005  7.957747e-002  0.000000e+000
    123  4.021239e-013  4.000000e-005  7.957747e-002  0.000000e+000
    124  4.021239e-013  4.000000e-005  7.957747e-002  0.000000e+000
    125  4.021239e-013  4.000000e-005  7.957747e-002  0.000000e+000
    126  4.021239e-013  4.000000e-005  7.957747e-002  0.000000e+000
    127  4.021239e-013  4.000000e-005  7.957747e-002  0.000000e+000
    128  4.021239e-013  4.000000e-005  7.957747e-002  0.000000e+000
    129  4.021239e-013  4.000000e-005  7.957747e-002  0.000000e+000
    130  4.021239e-013  4.000000e-005  7.957747e-002  0.000000e+000
    131  4.021239e-013  4.000000e-005  7.957747e-002  0.000000e+000
    132  4.021239e-013  4.000000e-005  7.957747e-002  0.000000e+000
    133  4.021239e-013  4.000000e-005  7.957747e-002  0.000000e+000
    134  4.021239e-013  4.000000e-005  7.957747e-002  0.000000e+000
    135  4.021239e-013  4.000000e-005  7.957747e-002  0.000000e+000
    136  4.021239e-013  4.000000e-005  7.957747e-002  0.000000e+000
    137  4.021239e-013  4.000000e-005  7.957747e-002  0.000000e+000
    138  4.021239e-013  4.000000e-005  7.957747e-002  0.000000e+000
    139  4.021239e-013  4.000000e-005  7.957747e-002  0.000000e+000
    140  4.021239e-013  4.000000e-005  7.957747e-002  0.000000e+000
    141  4.021239e-013  4.000000e-005  7.957747e-002  0.000000e+000
    142  4.021239e-013  4.000000e-005  7.957747e-002  0.000000e+000
    143  4.021239e-013  4.000000e-005  7.957747e-002  0.000000e+000
    144  4.021239e-013  4.000000e-005  7.957747e-002  0.000000e+000
    145  4.021239e-013  4.000000e-005  7.957747e-002  0.000000e+000
    146  4.021239e-013  4.000000e-005  7.957747e-002  0.000000e+000
    147  4.021239e-013  4.000000e-005  7.957747e-002  0.000000e+000
    148  4.021239e-013  4.000000e-005  7.957747e-002  0.000000e+000
    149  4.021239e-013  4.000000e-005  7.957747e-002  0.000000e+000
    150  4.021239e-013  4.000000e-005  7.957747e-002  0.000000e+000
    151  4.021239e-013  4.000000e-005  7.957747e-002  0.000000e+000
    152  4.021239e-013  4.000000e-005  7.957747e-002  0.000000e+000
    153  4.021239e-013  4.000000e-005  7.957747e-002  0.000000e+000
    154  4.021239e-013  4.000000e-005  7.957747e-002  0.000000e+000
    155  4.021239e-013  4.000000e-005  7.957747e-002  0.000000e+000
    156  4.021239e-013  4.000000e-005  7.957747e-002  0.000000e+000
    157  4.021239e-013  4.000000e-005  7.957747e-002  0.000000e+000
    158  4.021239e-013  4.000000e-005  7.957747e-002  0.000000e+000
    159  4.021239e-013  4.000000e-005  7.957747e-002  0.000000e+000
    160  4.021239e-013  4.000000e-005  7.957747e-002  0.000000e+000
    161  4.021239e-013  4.000000e-005  7.957747e-002  0.000000e+000
    162  4.021239e-013  4.000000e-005  7.957747e-002  0.000000e+000
    163  4.021239e-013  4.000000e-005  7.957747e-002  0.000000e+000
    164  4.021239e-013  4.000000e-005  7.957747e-002  0.000000e+000
    165  4.021239e-013  4.000000e-005  7.957747e-002  0.000000e+000
    166  4.021239e-013  4.000000e-005  7.957747e-002  0.000000e+000
    167  4.021239e-013  4.000000e-005  7.957747e-002  0.000000e+000
    168  4.021239e-013  4.000000e-005  7.957747e-002  0.000000e+000
    169  4.021239e-013  4.000000e-005  7.957747e-002  0.000000e+000
    170  4.021239e-013  4.000000e-005  7.957747e-002  0.000000e+000
    171  4.021239e-013  4.000000e-005  7.957747e-002  0.000000e+000
    172  4.021239e-013  4.000000e-005  7.957747e-002  0.000000e+000
    173  4.021239e-013  4.000000e-005  7.957747e-002  0.000000e+000
    174  4.021239e-013  4.000000e-005  7.957747e-002  0.000000e+000
    175  4.021239e-013  4.000000e-005  7.957747e-002  0.000000e+000
    176  4.021239e-013  4.000000e-005  7.957747e-002  0.000000e+000
    177  4.021239e-013  4.000000e-005  7.957747e-002  0.000000e+000
    178  4.021239e-013  4.000000e-005  7.957747e-002  0.000000e+000
    179  4.021239e-013  4.000000e-005  7.957747e-002  0.000000e+000
    180  4.021239e-013  4.000000e-005  7.957747e-002  0.000000e+000
    181  4.021239e-013  4.000000e-005  7.957747e-002  0.000000e+000
    182  4.021239e-013  4.000000e-005  7.957747e-002  0.000000e+000
    183  4.021239e-013  4.000000e-005  7.957747e-002  0.000000e+000
    184  4.021239e-013  4.000000e-005  7.957747e-002  0.000000e+000
    185  4.021239e-013  4.000000e-005  7.957747e-002  0.000000e+000
    186  4.021239e-013  4.000000e-005  7.957747e-002  0.000000e+000
    187  4.021239e-013  4.000000e-005  7.957747e-002  0.000000e+000
    188  4.021239e-013  4.000000e-005  7.957747e-002  0.000000e+000
    189  4.021239e-013  4.000000e-005  7.957747e-002  0.000000e+000
    190  4.021239e-013  4.000000e-005  7.957747e-002  0.000000e+000
    191  4.021239e-013  4.000000e-005  7.957747e-002  0.000000e+000
    192  4.021239e-013  4.000000e-005  7.957747e-002  0.000000e+000
    193  4.021239e-013  4.000000e-005  7.957747e-002  0.000000e+000
    194  4.021239e-013  4.000000e-005  7.957747e-002  0.000000e+000
    195  4.021239e-013  4.000000e-005  7.957747e-002  0.000000e+000
    196  4.021239e-013  4.000000e-005  7.957747e-002  0.000000e+000
    197  4.021239e-013  4.000000e-005  7.957747e-002  0.000000e+000
    198  4.021239e-013  4.000000e-005  7.957747e-002  0.000000e+000
    199  4.021239e-013  4.000000e-005  7.957747e-002  0.000000e+000
    200  4.021239e-013  4.000000e-005  7.957747e-002  0.000000e+000
    201  4.021239e-013  4.000000e-005  7.957747e-002  0.000000e+000
    202  4.021239e-013  4.000000e-005  7.957747e-002  0.000000e+000
    203  4.021239e-013  4.000000e-005  7.957747e-002  0.000000e+000
    204  4.021239e-013  4.000000e-005  7.957747e-002  0.000000e+000
    205  4.021239e-013  4.000000e-005  7.957747e-002  0.000000e+000
    206  4.021239e-013  4.000000e-005  7.957747e-002  0.000000e+000
    207  4.021239e-013  4.000000e-005  7.957747e-002  0.000000e+000
    208  4.021239e-013  4.000000e-005  7.957747e-002  0.000000e+000
    209  4.021239e-013  4.000000e-005  7.957747e-002  0.000000e+000
    210  4.021239e-013  4.000000e-005  7.957747e-002  0.000000e+000
    211  4.021239e-013  4.000000e-005  7.957747e-002  0.000000e+000
    212  4.021239e-013  4.000000e-005  7.957747e-002  0.000000e+000
    213  4.021239e-013  4.000000e-005  7.957747e-002  0.000000e+000
    214  4.021239e-013  4.000000e-005  7.957747e-002  0.000000e+000
    215  4.021239e-013  4.000000e-005  7.957747e-002  0.000000e+000
    216  4.021239e-013  4.000000e-005  7.957747e-002  0.000000e+000
    217  4.021239e-013  4.000000e-005  7.957747e-002  0.000000e+000
    218  4.021239e-013  4.000000e-005  7.957747e-002  0.000000e+000
    219  4.021239e-013  4.000000e-005  7.957747e-002  0.000000e+000
    220  4.021239e-013  4.000000e-005  7.957747e-002  0.000000e+000
    221  4.021239e-013  4.000000e-005  7.957747e-002  0.000000e+000
    222  4.021239e-013  4.000000e-005  7.957747e-002  0.000000e+000
    223  4.021239e-013  4.000000e-005  7.957747e-002  0.000000e+000
    224  4.021239e-013  4.000000e-005  7.957747e-002  0.000000e+000
    225  4.021239e-013  4.000000e-005  7.957747e-002  0.000000e+000
    226  4.021239e-013  4.000000e-005  7.957747e-002  0.000000e+000
    227  4.021239e-013  4.000000e-005  7.957747e-002  0.000000e+000
    228  4.021239e-013  4.000000e-005  7.957747e-002  0.000000e+000
    229  4.021239e-013  4.000000e-005  7.957747e-002  0.000000e+000
    230  4.021239e-013  4.000000e-005  7.957747e-002  0.000000e+000
    231  4.021239e-013  4.000000e-005  7.957747e-002  0.000000e+000
    232  4.021239e-013  4.000000e-005  7.957747e-002  0.000000e+000
    233  4.021239e-013  4.000000e-005  7.957747e-002  0.000000e+000
    234  4.021239e-013  4.000000e-005  7.957747e-002  0.000000e+000
    235  4.021239e-013  4.000000e-005  7.957747e-002  0.000000e+000
    236  4.021239e-013  4.000000e-005  7.957747e-002  0.000000e+000
    237  4.021239e-013  4.000000e-005  7.957747e-002  0.000000e+000
    238  4.021239e-013  4.000000e-005  7.957747e-002  0.000000e+000
    239  4.021239e-013  4.000000e-005  7.957747e-002  0.000000e+000
    240  4.021239e-013  4.000000e-005  7.957747e-002  0.000000e+000
    241  4.021239e-013  4.000000e-005  7.957747e-002  0.000000e+000
    242  4.021239e-013  4.000000e-005  7.957747e-002  0.000000e+000
    243  4.021239e-013  4.000000e-005  7.957747e-002  0.000000e+000
    244  4.021239e-013  4.000000e-005  7.957747e-002  0.000000e+000
    245  4.021239e-013  4.000000e-005  7.957747e-002  0.000000e+000
    246  4.021239e-013  4.000000e-005  7.957747e-002  0.000000e+000
    247  4.021239e-013  4.000000e-005  7.957747e-002  0.000000e+000
    248  4.021239e-013  4.000000e-005  7.957747e-002  0.000000e+000
    249  4.021239e-013  4.000000e-005  7.957747e-002  0.000000e+000
    250  4.021239e-013  4.000000e-005  7.957747e-002  0.000000e+000
    251  4.021239e-013  4.000000e-005  7.957747e-002  0.000000e+000
    252  4.021239e-013  4.000000e-005  7.957747e-002  0.000000e+000
    253  4.021239e-013  4.000000e-005  7.957747e-002  0.000000e+000
    254  4.021239e-013  4.000000e-005  7.957747e-002  0.000000e+000
    255  4.021239e-013  4.000000e-005  7.957747e-002  0.000000e+000
    256  4.021239e-013  4.000000e-005  7.957747e-002  0.000000e+000
    257  4.021239e-013  4.000000e-005  7.957747e-002  0.000000e+000
    258  4.021239e-013  4.000000e-005  7.957747e-002  0.000000e+000
    259  4.021239e-013  4.000000e-005  7.957747e-002  0.000000e+000
    260  4.021239e-013  4.000000e-005  7.957747e-002  0.000000e+000
    261  4.021239e-013  4.000000e-005  7.957747e-002  0.000000e+000
    262  4.021239e-013  4.000000e-005  7.957747e-002  0.000000e+000
    263  4.021239e-013  4.000000e-005  7.957747e-002  0.000000e+000
    264  4.021239e-013  4.000000e-005  7.957747e-002  0.000000e+000
    265  4.021239e-013  4.000000e-005  7.957747e-002  0.000000e+000
    266  4.021239e-013  4.000000e-005  7.957747e-002  0.000000e+000
    267  4.021239e-013  4.000000e-005  7.957747e-002  0.000000e+000
    268  4.021239e-013  4.000000e-005  7.957747e-002  0.000000e+000
    269  4.021239e-013  4.000000e-005  7.957747e-002  0.000000e+000
    270  4.021239e-013  4.000000e-005  7.957747e-002  0.000000e+000
    271  4.021239e-013  4.000000e-005  7.957747e-002  0.000000e+000
    272  4.021239e-013  4.000000e-005  7.957747e-002  0.000000e+000
    273  4.021239e-013  4.000000e-005  7.957747e-002  0.000000e+000
    274  4.021239e-013  4.000000e-005  7.957747e-002  0.000000e+000
    275  4.021239e-013  4.000000e-005  7.957747e-002  0.000000e+000
    276  4.021239e-013  4.000000e-005  7.957747e-002  0.000000e+000
    277  4.021239e-013  4.000000e-005  7.957747e-002  0.000000e+000
    278  4.021239e-013  4.000000e-005  7.957747e-002  0.000000e+000
    279  4.021239e-013  4.000000e-005  7.957747e-002  0.000000e+000
    280  4.021239e-013  4.000000e-005  7.957747e-002  0.000000e+000
    281  4.021239e-013  4.000000e-005  7.957747e-002  0.000000e+000
    282  4.021239e-013  4.000000e-005  7.957747e-002  0.000000e+000
    283  4.021239e-013  4.000000e-005  7.957747e-002  0.000000e+000
    284  4.021239e-013  4.000000e-005  7.957747e-002  0.000000e+000
    285  4.021239e-013  4.000000e-005  7.957747e-002  0.000000e+000
    286  4.021239e-013  4.000000e-005  7.957747e-002  0.000000e+000
    287  4.021239e-013  4.000000e-005  7.957747e-002  0.000000e+000
    288  4.021239e-013  4.000000e-005  7.957747e-002  0.000000e+000
    289  4.021239e-013  4.000000e-005  7.957747e-002  0.000000e+000
    290  4.021239e-013  4.000000e-005  7.957747e-002  0.000000e+000
    291  4.021239e-013  4.000000e-005  7.957747e-002  0.000000e+000
    292  4.021239e-013  4.000000e-005  7.957747e-002  0.000000e+000
    293  4.021239e-013  4.000000e-005  7.957747e-002  0.000000e+000
    294  4.021239e-013  4.000000e-005  7.957747e-002  0.000000e+000
    295  4.021239e-013  4.000000e-005  7.957747e-002  0.000000e+000
    296  4.021239e-013  4.000000e-005  7.957747e-002  0.000000e+000
    297  4.021239e-013  4.000000e-005  7.957747e-002  0.000000e+000
    298  4.021239e-013  4.000000e-005  7.957747e-002  0.000000e+000
    299  4.021239e-013  4.000000e-005  7.957747e-002  0.000000e+000
    300  4.021239e-013  4.000000e-005  7.957747e-002  0.000000e+000
    301  4.021239e-013  4.000000e-005  7.957747e-002  0.000000e+000
    302  4.021239e-013  4.000000e-005  7.957747e-002  0.000000e+000
    303  4.021239e-013  4.000000e-005  7.957747e-002  0.000000e+000
    304  4.021239e-013  4.000000e-005  7.957747e-002  0.000000e+000
    305  4.021239e-013  4.000000e-005  7.957747e-002  0.000000e+000
    306  4.021239e-013  4.000000e-005  7.957747e-002  0.000000e+000
    307  4.021239e-013  4.000000e-005  7.957747e-002  0.000000e+000
    308  4.021239e-013  4.000000e-005  7.957747e-002  0.000000e+000
    309  4.021239e-013  4.000000e-005  7.957747e-002  0.000000e+000
    310  4.021239e-013  4.000000e-005  7.957747e-002  0.000000e+000
    311  4.021239e-013  4.000000e-005  7.957747e-002  0.000000e+000
    312  4.021239e-013  4.000000e-005  7.957747e-002  0.000000e+000
    313  4.021239e-013  4.000000e-005  7.957747e-002  0.000000e+000
    314  4.021239e-013  4.000000e-005  7.957747e-002  0.000000e+000
    315  4.021239e-013  4.000000e-005  7.957747e-002  0.000000e+000
    316  4.021239e-013  4.000000e-005  7.957747e-002  0.000000e+000
    317  4.021239e-013  4.000000e-005  7.957747e-002  0.000000e+000
    318  4.021239e-013  4.000000e-005  7.957747e-002  0.000000e+000
    319  4.021239e-013  4.000000e-005  7.957747e-002  0.000000e+000
    320  4.021239e-013  4.000000e-005  7.957747e-002  0.000000e+000
    321  4.021239e-013  4.000000e-005  7.957747e-002  0.000000e+000
    322  4.021239e-013  4.000000e-005  7.957747e-002  0.000000e+000
    323  4.021239e-013  4.000000e-005  7.957747e-002  0.000000e+000
    324  4.021239e-013  4.000000e-005  7.957747e-002  0.000000e+000
    325  4.021239e-013  4.000000e-005  7.957747e-002  0.000000e+000
    326  4.021239e-013  4.000000e-005  7.957747e-002  0.000000e+000
    327  4.021239e-013  4.000000e-005  7.957747e-002  0.000000e+000
    328  4.021239e-013  4.000000e-005  7.957747e-002  0.000000e+000
    329  4.021239e-013  4.000000e-005  7.957747e-002  0.000000e+000
    330  4.021239e-013  4.000000e-005  7.957747e-002  0.000000e+000
    331  4.021239e-013  4.000000e-005  7.957747e-002  0.000000e+000
    332  4.021239e-013  4.000000e-005  7.957747e-002  0.000000e+000
    333  4.021239e-013  4.000000e-005  7.957747e-002  0.000000e+000
    334  4.021239e-013  4.000000e-005  7.957747e-002  0.000000e+000
    335  4.021239e-013  4.000000e-005  7.957747e-002  0.000000e+000
    336  4.021239e-013  4.000000e-005  7.957747e-002  0.000000e+000
    337  4.021239e-013  4.000000e-005  7.957747e-002  0.000000e+000
    338  4.021239e-013  4.000000e-005  7.957747e-002  0.000000e+000
    339  4.021239e-013  4.000000e-005  7.957747e-002  0.000000e+000
    340  4.021239e-013  4.000000e-005  7.957747e-002  0.000000e+000
    341  4.021239e-013  4.000000e-005  7.957747e-002  0.000000e+000
    342  4.021239e-013  4.000000e-005  7.957747e-002  0.000000e+000
    343  4.021239e-013  4.000000e-005  7.957747e-002  0.000000e+000
    344  4.021239e-013  4.000000e-005  7.957747e-002  0.000000e+000
    345  4.021239e-013  4.000000e-005  7.957747e-002  0.000000e+000
    346  4.021239e-013  4.000000e-005  7.957747e-002  0.000000e+000
    347  4.021239e-013  4.000000e-005  7.957747e-002  0.000000e+000
    348  4.021239e-013  4.000000e-005  7.957747e-002  0.000000e+000
    349  4.021239e-013  4.000000e-005  7.957747e-002  0.000000e+000
    350  4.021239e-013  4.000000e-005  7.957747e-002  0.000000e+000
    351  4.021239e-013  4.000000e-005  7.957747e-002  0.000000e+000
    352  4.021239e-013  4.000000e-005  7.957747e-002  0.000000e+000
    353  4.021239e-013  4.000000e-005  7.957747e-002  0.000000e+000
    354  4.021239e-013  4.000000e-005  7.957747e-002  0.000000e+000
    355  4.021239e-013  4.000000e-005  7.957747e-002  0.000000e+000
    356  4.021239e-013  4.000000e-005  7.957747e-002  0.000000e+000
    357  4.021239e-013  4.000000e-005  7.957747e-002  0.000000e+000
    358  4.021239e-013  4.000000e-005  7.957747e-002  0.000000e+000
    359  4.021239e-013  4.000000e-005  7.957747e-002  0.000000e+000
    360  4.021239e-013  4.000000e-005  7.957747e-002  0.000000e+000
    361  4.021239e-013  4.000000e-005  7.957747e-002  0.000000e+000
    362  4.021239e-013  4.000000e-005  7.957747e-002  0.000000e+000
    363  4.021239e-013  4.000000e-005  7.957747e-002  0.000000e+000
    364  4.021239e-013  4.000000e-005  7.957747e-002  0.000000e+000
    365  4.021239e-013  4.000000e-005  7.957747e-002  0.000000e+000
    366  4.021239e-013  4.000000e-005  7.957747e-002  0.000000e+000
    367  4.021239e-013  4.000000e-005  7.957747e-002  0.000000e+000
    368  4.021239e-013  4.000000e-005  7.957747e-002  0.000000e+000
    369  4.021239e-013  4.000000e-005  7.957747e-002  0.000000e+000
    370  4.021239e-013  4.000000e-005  7.957747e-002  0.000000e+000
    371  4.021239e-013  4.000000e-005  7.957747e-002  0.000000e+000
    372  4.021239e-013  4.000000e-005  7.957747e-002  0.000000e+000
    373  4.021239e-013  4.000000e-005  7.957747e-002  0.000000e+000
    374  4.021239e-013  4.000000e-005  7.957747e-002  0.000000e+000
    375  4.021239e-013  4.000000e-005  7.957747e-002  0.000000e+000
    376  4.021239e-013  4.000000e-005  7.957747e-002  0.000000e+000
    377  4.021239e-013  4.000000e-005  7.957747e-002  0.000000e+000
    378  4.021239e-013  4.000000e-005  7.957747e-002  0.000000e+000
    379  4.021239e-013  4.000000e-005  7.957747e-002  0.000000e+000
    380  4.021239e-013  4.000000e-005  7.957747e-002  0.000000e+000
    381  4.021239e-013  4.000000e-005  7.957747e-002  0.000000e+000
    382  4.021239e-013  4.000000e-005  7.957747e-002  0.000000e+000
    383  4.021239e-013  4.000000e-005  7.957747e-002  0.000000e+000
    384  4.021239e-013  4.000000e-005  7.957747e-002  0.000000e+000
    385  4.021239e-013  4.000000e-005  7.957747e-002  0.000000e+000
    386  4.021239e-013  4.000000e-005  7.957747e-002  0.000000e+000
    387  4.021239e-013  4.000000e-005  7.957747e-002  0.000000e+000
    388  4.021239e-013  4.000000e-005  7.957747e-002  0.000000e+000
    389  4.021239e-013  4.000000e-005  7.957747e-002  0.000000e+000
    390  4.021239e-013  4.000000e-005  7.957747e-002  0.000000e+000
    391  4.021239e-013  4.000000e-005  7.957747e-002  0.000000e+000
    392  4.021239e-013  4.000000e-005  7.957747e-002  0.000000e+000
    393  4.021239e-013  4.000000e-005  7.957747e-002  0.000000e+000
    394  4.021239e-013  4.000000e-005  7.957747e-002  0.000000e+000
    395  4.021239e-013  4.000000e-005  7.957747e-002  0.000000e+000
    396  4.021239e-013  4.000000e-005  7.957747e-002  0.000000e+000
    397  4.021239e-013  4.000000e-005  7.957747e-002  0.000000e+000
    398  4.021239e-013  4.000000e-005  7.957747e-002  0.000000e+000
    399  4.021239e-013  4.000000e-005  7.957747e-002  0.000000e+000
    400  4.021239e-013  4.000000e-005  7.957747e-002  0.000000e+000
    401  4.021239e-013  4.000000e-005  7.957747e-002  0.000000e+000
    402  4.021239e-013  4.000000e-005  7.957747e-002  0.000000e+000
    403  4.021239e-013  4.000000e-005  7.957747e-002  0.000000e+000
    404  4.021239e-013  4.000000e-005  7.957747e-002  0.000000e+000
    405  4.021239e-013  4.000000e-005  7.957747e-002  0.000000e+000
    406  4.021239e-013  4.000000e-005  7.957747e-002  0.000000e+000
    407  4.021239e-013  4.000000e-005  7.957747e-002  0.000000e+000
    408  4.021239e-013  4.000000e-005  7.957747e-002  0.000000e+000
    409  4.021239e-013  4.000000e-005  7.957747e-002  0.000000e+000
    410  4.021239e-013  4.000000e-005  7.957747e-002  0.000000e+000
    411  4.021239e-013  4.000000e-005  7.957747e-002  0.000000e+000
    412  4.021239e-013  4.000000e-005  7.957747e-002  0.000000e+000
    413  4.021239e-013  4.000000e-005  7.957747e-002  0.000000e+000
    414  4.021239e-013  4.000000e-005  7.957747e-002  0.000000e+000
    415  4.021239e-013  4.000000e-005  7.957747e-002  0.000000e+000
    416  4.021239e-013  4.000000e-005  7.957747e-002  0.000000e+000
    417  4.021239e-013  4.000000e-005  7.957747e-002  0.000000e+000
    418  4.021239e-013  4.000000e-005  7.957747e-002  0.000000e+000
    419  4.021239e-013  4.000000e-005  7.957747e-002  0.000000e+000
    420  4.021239e-013  4.000000e-005  7.957747e-002  0.000000e+000
    421  4.021239e-013  4.000000e-005  7.957747e-002  0.000000e+000
    422  4.021239e-013  4.000000e-005  7.957747e-002  0.000000e+000
    423  4.021239e-013  4.000000e-005  7.957747e-002  0.000000e+000
    424  4.021239e-013  4.000000e-005  7.957747e-002  0.000000e+000
    425  4.021239e-013  4.000000e-005  7.957747e-002  0.000000e+000
    426  4.021239e-013  4.000000e-005  7.957747e-002  0.000000e+000
    427  4.021239e-013  4.000000e-005  7.957747e-002  0.000000e+000
    428  4.021239e-013  4.000000e-005  7.957747e-002  0.000000e+000
    429  4.021239e-013  4.000000e-005  7.957747e-002  0.000000e+000
    430  4.021239e-013  4.000000e-005  7.957747e-002  0.000000e+000
    431  4.021239e-013  4.000000e-005  7.957747e-002  0.000000e+000
    432  4.021239e-013  4.000000e-005  7.957747e-002  0.000000e+000
    433  4.021239e-013  4.000000e-005  7.957747e-002  0.000000e+000
    434  4.021239e-013  4.000000e-005  7.957747e-002  0.000000e+000
    435  4.021239e-013  4.000000e-005  7.957747e-002  0.000000e+000
    436  4.021239e-013  4.000000e-005  7.957747e-002  0.000000e+000
    437  4.021239e-013  4.000000e-005  7.957747e-002  0.000000e+000
    438  4.021239e-013  4.000000e-005  7.957747e-002  0.000000e+000
    439  4.021239e-013  4.000000e-005  7.957747e-002  0.000000e+000
    440  4.021239e-013  4.000000e-005  7.957747e-002  0.000000e+000
    441  4.021239e-013  4.000000e-005  7.957747e-002  0.000000e+000
    442  4.021239e-013  4.000000e-005  7.957747e-002  0.000000e+000
    443  4.021239e-013  4.000000e-005  7.957747e-002  0.000000e+000
    444  4.021239e-013  4.000000e-005  7.957747e-002  0.000000e+000
    445  4.021239e-013  4.000000e-005  7.957747e-002  0.000000e+000
    446  4.021239e-013  4.000000e-005  7.957747e-002  0.000000e+000
    447  4.021239e-013  4.000000e-005  7.957747e-002  0.000000e+000
    448  4.021239e-013  4.000000e-005  7.957747e-002  0.000000e+000
    449  4.021239e-013  4.000000e-005  7.957747e-002  0.000000e+000
    450  4.021239e-013  4.000000e-005  7.957747e-002  0.000000e+000
    451  4.021239e-013  4.000000e-005  7.957747e-002  0.000000e+000
    452  4.021239e-013  4.000000e-005  7.957747e-002  0.000000e+000
    453  4.021239e-013  4.000000e-005  7.957747e-002  0.000000e+000
    454  4.021239e-013  4.000000e-005  7.957747e-002  0.000000e+000
    455  4.021239e-013  4.000000e-005  7.957747e-002  0.000000e+000
    456  4.021239e-013  4.000000e-005  7.957747e-002  0.000000e+000
    457  4.021239e-013  4.000000e-005  7.957747e-002  0.000000e+000
    458  4.021239e-013  4.000000e-005  7.957747e-002  0.000000e+000
    459  4.021239e-013  4.000000e-005  7.957747e-002  0.000000e+000
    460  4.021239e-013  4.000000e-005  7.957747e-002  0.000000e+000
    461  4.021239e-013  4.000000e-005  7.957747e-002  0.000000e+000
    462  4.021239e-013  4.000000e-005  7.957747e-002  0.000000e+000
    463  4.021239e-013  4.000000e-005  7.957747e-002  0.000000e+000
    464  4.021239e-013  4.000000e-005  7.957747e-002  0.000000e+000
    465  4.021239e-013  4.000000e-005  7.957747e-002  0.000000e+000
    466  4.021239e-013  4.000000e-005  7.957747e-002  0.000000e+000
    467  4.021239e-013  4.000000e-005  7.957747e-002  0.000000e+000
    468  4.021239e-013  4.000000e-005  7.957747e-002  0.000000e+000
    469  4.021239e-013  4.000000e-005  7.957747e-002  0.000000e+000
    470  4.021239e-013  4.000000e-005  7.957747e-002  0.000000e+000
    471  4.021239e-013  4.000000e-005  7.957747e-002  0.000000e+000
    472  4.021239e-013  4.000000e-005  7.957747e-002  0.000000e+000
    473  4.021239e-013  4.000000e-005  7.957747e-002  0.000000e+000
    474  4.021239e-013  4.000000e-005  7.957747e-002  0.000000e+000
    475  4.021239e-013  4.000000e-005  7.957747e-002  0.000000e+000
    476  4.021239e-013  4.000000e-005  7.957747e-002  0.000000e+000
    477  4.021239e-013  4.000000e-005  7.957747e-002  0.000000e+000
    478  4.021239e-013  4.000000e-005  7.957747e-002  0.000000e+000
    479  4.021239e-013  4.000000e-005  7.957747e-002  0.000000e+000
    480  4.021239e-013  4.000000e-005  7.957747e-002  0.000000e+000
    481  4.021239e-013  4.000000e-005  7.957747e-002  0.000000e+000
    482  4.021239e-013  4.000000e-005  7.957747e-002  0.000000e+000
    483  4.021239e-013  4.000000e-005  7.957747e-002  0.000000e+000
    484  4.021239e-013  4.000000e-005  7.957747e-002  0.000000e+000
    485  4.021239e-013  4.000000e-005  7.957747e-002  0.000000e+000
    486  4.021239e-013  4.000000e-005  7.957747e-002  0.000000e+000
    487  4.021239e-013  4.000000e-005  7.957747e-002  0.000000e+000
    488  4.021239e-013  4.000000e-005  7.957747e-002  0.000000e+000
    489  4.021239e-013  4.000000e-005  7.957747e-002  0.000000e+000
    490  4.021239e-013  4.000000e-005  7.957747e-002  0.000000e+000
    491  4.021239e-013  4.000000e-005  7.957747e-002  0.000000e+000
    492  4.021239e-013  4.000000e-005  7.957747e-002  0.000000e+000
    493  4.021239e-013  4.000000e-005  7.957747e-002  0.000000e+000
    494  4.021239e-013  4.000000e-005  7.957747e-002  0.000000e+000
    495  4.021239e-013  4.000000e-005  7.957747e-002  0.000000e+000
    496  4.021239e-013  4.000000e-005  7.957747e-002  0.000000e+000
    497  4.021239e-013  4.000000e-005  7.957747e-002  0.000000e+000
    498  4.021239e-013  4.000000e-005  7.957747e-002  0.000000e+000
    499  4.021239e-013  4.000000e-005  7.957747e-002  0.000000e+000
    500  4.021239e-013  4.000000e-005  7.957747e-002  0.000000e+000
    501  4.021239e-013  4.000000e-005  7.957747e-002  0.000000e+000
    502  4.021239e-013  4.000000e-005  7.957747e-002  0.000000e+000
    503  4.021239e-013  4.000000e-005  7.957747e-002  0.000000e+000
    504  4.021239e-013  4.000000e-005  7.957747e-002  0.000000e+000
    505  4.021239e-013  4.000000e-005  7.957747e-002  0.000000e+000
    506  4.021239e-013  4.000000e-005  7.957747e-002  0.000000e+000
    507  4.021239e-013  4.000000e-005  7.957747e-002  0.000000e+000
    508  4.021239e-013  4.000000e-005  7.957747e-002  0.000000e+000
    509  4.021239e-013  4.000000e-005  7.957747e-002  0.000000e+000
    510  4.021239e-013  4.000000e-005  7.957747e-002  0.000000e+000
    511  4.021239e-013  4.000000e-005  7.957747e-002  0.000000e+000
    512  4.021239e-013  4.000000e-005  7.957747e-002  0.000000e+000
    513  4.021239e-013  4.000000e-005  7.957747e-002  0.000000e+000
    514  4.021239e-013  4.000000e-005  7.957747e-002  0.000000e+000
    515  4.021239e-013  4.000000e-005  7.957747e-002  0.000000e+000
    516  4.021239e-013  4.000000e-005  7.957747e-002  0.000000e+000
    517  4.021239e-013  4.000000e-005  7.957747e-002  0.000000e+000
    518  4.021239e-013  4.000000e-005  7.957747e-002  0.000000e+000
    519  4.021239e-013  4.000000e-005  7.957747e-002  0.000000e+000
    520  4.021239e-013  4.000000e-005  7.957747e-002  0.000000e+000
    521  4.021239e-013  4.000000e-005  7.957747e-002  0.000000e+000
    522  4.021239e-013  4.000000e-005  7.957747e-002  0.000000e+000
    523  4.021239e-013  4.000000e-005  7.957747e-002  0.000000e+000
    524  4.021239e-013  4.000000e-005  7.957747e-002  0.000000e+000
    525  4.021239e-013  4.000000e-005  7.957747e-002  0.000000e+000
    526  4.021239e-013  4.000000e-005  7.957747e-002  0.000000e+000
    527  4.021239e-013  4.000000e-005  7.957747e-002  0.000000e+000
    528  4.021239e-013  4.000000e-005  7.957747e-002  0.000000e+000
    529  4.021239e-013  4.000000e-005  7.957747e-002  0.000000e+000
    530  4.021239e-013  4.000000e-005  7.957747e-002  0.000000e+000
    531  4.021239e-013  4.000000e-005  7.957747e-002  0.000000e+000
    532  4.021239e-013  4.000000e-005  7.957747e-002  0.000000e+000
    533  4.021239e-013  4.000000e-005  7.957747e-002  0.000000e+000
    534  4.021239e-013  4.000000e-005  7.957747e-002  0.000000e+000
    535  4.021239e-013  4.000000e-005  7.957747e-002  0.000000e+000
    536  4.021239e-013  4.000000e-005  7.957747e-002  0.000000e+000
    537  4.021239e-013  4.000000e-005  7.957747e-002  0.000000e+000
    538  4.021239e-013  4.000000e-005  7.957747e-002  0.000000e+000
    539  4.021239e-013  4.000000e-005  7.957747e-002  0.000000e+000
    540  4.021239e-013  4.000000e-005  7.957747e-002  0.000000e+000
    541  4.021239e-013  4.000000e-005  7.957747e-002  0.000000e+000
    542  4.021239e-013  4.000000e-005  7.957747e-002  0.000000e+000
    543  4.021239e-013  4.000000e-005  7.957747e-002  0.000000e+000
    544  4.021239e-013  4.000000e-005  7.957747e-002  0.000000e+000
    545  4.021239e-013  4.000000e-005  7.957747e-002  0.000000e+000
    546  4.021239e-013  4.000000e-005  7.957747e-002  0.000000e+000
    547  4.021239e-013  4.000000e-005  7.957747e-002  0.000000e+000
    548  4.021239e-013  4.000000e-005  7.957747e-002  0.000000e+000
    549  4.021239e-013  4.000000e-005  7.957747e-002  0.000000e+000
    550  4.021239e-013  4.000000e-005  7.957747e-002  0.000000e+000
    551  4.021239e-013  4.000000e-005  7.957747e-002  0.000000e+000
    552  4.021239e-013  4.000000e-005  7.957747e-002  0.000000e+000
    553  4.021239e-013  4.000000e-005  7.957747e-002  0.000000e+000
    554  4.021239e-013  4.000000e-005  7.957747e-002  0.000000e+000
    555  4.021239e-013  4.000000e-005  7.957747e-002  0.000000e+000
    556  4.021239e-013  4.000000e-005  7.957747e-002  0.000000e+000
    557  4.021239e-013  4.000000e-005  7.957747e-002  0.000000e+000
    558  4.021239e-013  4.000000e-005  7.957747e-002  0.000000e+000
    559  4.021239e-013  4.000000e-005  7.957747e-002  0.000000e+000
    560  4.021239e-013  4.000000e-005  7.957747e-002  0.000000e+000
    561  4.021239e-013  4.000000e-005  7.957747e-002  0.000000e+000
    562  4.021239e-013  4.000000e-005  7.957747e-002  0.000000e+000
    563  4.021239e-013  4.000000e-005  7.957747e-002  0.000000e+000
    564  4.021239e-013  4.000000e-005  7.957747e-002  0.000000e+000
    565  4.021239e-013  4.000000e-005  7.957747e-002  0.000000e+000
    566  4.021239e-013  4.000000e-005  7.957747e-002  0.000000e+000
    567  4.021239e-013  4.000000e-005  7.957747e-002  0.000000e+000
    568  4.021239e-013  4.000000e-005  7.957747e-002  0.000000e+000
    569  4.021239e-013  4.000000e-005  7.957747e-002  0.000000e+000
    570  4.021239e-013  4.000000e-005  7.957747e-002  0.000000e+000
    571  4.021239e-013  4.000000e-005  7.957747e-002  0.000000e+000
    572  4.021239e-013  4.000000e-005  7.957747e-002  0.000000e+000
    573  4.021239e-013  4.000000e-005  7.957747e-002  0.000000e+000
    574  4.021239e-013  4.000000e-005  7.957747e-002  0.000000e+000
    575  4.021239e-013  4.000000e-005  7.957747e-002  0.000000e+000
    576  4.021239e-013  4.000000e-005  7.957747e-002  0.000000e+000
    577  4.021239e-013  4.000000e-005  7.957747e-002  0.000000e+000
    578  4.021239e-013  4.000000e-005  7.957747e-002  0.000000e+000
    579  4.021239e-013  4.000000e-005  7.957747e-002  0.000000e+000
    580  4.021239e-013  4.000000e-005  7.957747e-002  0.000000e+000
    581  4.021239e-013  4.000000e-005  7.957747e-002  0.000000e+000
    582  4.021239e-013  4.000000e-005  7.957747e-002  0.000000e+000
    583  4.021239e-013  4.000000e-005  7.957747e-002  0.000000e+000
    584  4.021239e-013  4.000000e-005  7.957747e-002  0.000000e+000
    585  4.021239e-013  4.000000e-005  7.957747e-002  0.000000e+000
    586  4.021239e-013  4.000000e-005  7.957747e-002  0.000000e+000
    587  4.021239e-013  4.000000e-005  7.957747e-002  0.000000e+000
    588  4.021239e-013  4.000000e-005  7.957747e-002  0.000000e+000
    589  4.021239e-013  4.000000e-005  7.957747e-002  0.000000e+000
    590  4.021239e-013  4.000000e-005  7.957747e-002  0.000000e+000
    591  4.021239e-013  4.000000e-005  7.957747e-002  0.000000e+000
    592  4.021239e-013  4.000000e-005  7.957747e-002  0.000000e+000
    593  4.021239e-013  4.000000e-005  7.957747e-002  0.000000e+000
    594  4.021239e-013  4.000000e-005  7.957747e-002  0.000000e+000
    595  4.021239e-013  4.000000e-005  7.957747e-002  0.000000e+000
    596  4.021239e-013  4.000000e-005  7.957747e-002  0.000000e+000
    597  4.021239e-013  4.000000e-005  7.957747e-002  0.000000e+000
    598  4.021239e-013  4.000000e-005  7.957747e-002  0.000000e+000
    599  4.021239e-013  4.000000e-005  7.957747e-002  0.000000e+000
    600  4.021239e-013  4.000000e-005  7.957747e-002  0.000000e+000
    601  4.021239e-013  4.000000e-005  7.957747e-002  0.000000e+000
    602  4.021239e-013  4.000000e-005  7.957747e-002  0.000000e+000
    603  4.021239e-013  4.000000e-005  7.957747e-002  0.000000e+000
    604  4.021239e-013  4.000000e-005  7.957747e-002  0.000000e+000
    605  4.021239e-013  4.000000e-005  7.957747e-002  0.000000e+000
    606  4.021239e-013  4.000000e-005  7.957747e-002  0.000000e+000
    607  4.021239e-013  4.000000e-005  7.957747e-002  0.000000e+000
    608  4.021239e-013  4.000000e-005  7.957747e-002  0.000000e+000
    609  4.021239e-013  4.000000e-005  7.957747e-002  0.000000e+000
    610  4.021239e-013  4.000000e-005  7.957747e-002  0.000000e+000
    611  4.021239e-013  4.000000e-005  7.957747e-002  0.000000e+000
    612  4.021239e-013  4.000000e-005  7.957747e-002  0.000000e+000
    613  4.021239e-013  4.000000e-005  7.957747e-002  0.000000e+000
    614  4.021239e-013  4.000000e-005  7.957747e-002  0.000000e+000
    615  4.021239e-013  4.000000e-005  7.957747e-002  0.000000e+000
    616  4.021239e-013  4.000000e-005  7.957747e-002  0.000000e+000
    617  4.021239e-013  4.000000e-005  7.957747e-002  0.000000e+000
    618  4.021239e-013  4.000000e-005  7.957747e-002  0.000000e+000
    619  4.021239e-013  4.000000e-005  7.957747e-002  0.000000e+000
    620  4.021239e-013  4.000000e-005  7.957747e-002  0.000000e+000
    621  4.021239e-013  4.000000e-005  7.957747e-002  0.000000e+000
    622  4.021239e-013  4.000000e-005  7.957747e-002  0.000000e+000
    623  4.021239e-013  4.000000e-005  7.957747e-002  0.000000e+000
    624  4.021239e-013  4.000000e-005  7.957747e-002  0.000000e+000
    625  4.021239e-013  4.000000e-005  7.957747e-002  0.000000e+000
    626  4.021239e-013  4.000000e-005  7.957747e-002  0.000000e+000
    627  4.021239e-013  4.000000e-005  7.957747e-002  0.000000e+000
    628  4.021239e-013  4.000000e-005  7.957747e-002  0.000000e+000
    629  4.021239e-013  4.000000e-005  7.957747e-002  0.000000e+000
    630  4.021239e-013  4.000000e-005  7.957747e-002  0.000000e+000
    631  4.021239e-013  4.000000e-005  7.957747e-002  0.000000e+000
    632  4.021239e-013  4.000000e-005  7.957747e-002  0.000000e+000
    633  4.021239e-013  4.000000e-005  7.957747e-002  0.000000e+000
    634  4.021239e-013  4.000000e-005  7.957747e-002  0.000000e+000
    635  4.021239e-013  4.000000e-005  7.957747e-002  0.000000e+000
    636  4.021239e-013  4.000000e-005  7.957747e-002  0.000000e+000
    637  4.021239e-013  4.000000e-005  7.957747e-002  0.000000e+000
    638  4.021239e-013  4.000000e-005  7.957747e-002  0.000000e+000
    639  4.021239e-013  4.000000e-005  7.957747e-002  0.000000e+000
    640  4.021239e-013  4.000000e-005  7.957747e-002  0.000000e+000
    641  4.021239e-013  4.000000e-005  7.957747e-002  0.000000e+000
    642  4.021239e-013  4.000000e-005  7.957747e-002  0.000000e+000
    643  4.021239e-013  4.000000e-005  7.957747e-002  0.000000e+000
    644  4.021239e-013  4.000000e-005  7.957747e-002  0.000000e+000
    645  4.021239e-013  4.000000e-005  7.957747e-002  0.000000e+000
    646  4.021239e-013  4.000000e-005  7.957747e-002  0.000000e+000
    647  4.021239e-013  4.000000e-005  7.957747e-002  0.000000e+000
    648  4.021239e-013  4.000000e-005  7.957747e-002  0.000000e+000
    649  4.021239e-013  4.000000e-005  7.957747e-002  0.000000e+000
    650  4.021239e-013  4.000000e-005  7.957747e-002  0.000000e+000
    651  4.021239e-013  4.000000e-005  7.957747e-002  0.000000e+000
    652  4.021239e-013  4.000000e-005  7.957747e-002  0.000000e+000
    653  4.021239e-013  4.000000e-005  7.957747e-002  0.000000e+000
    654  4.021239e-013  4.000000e-005  7.957747e-002  0.000000e+000
    655  4.021239e-013  4.000000e-005  7.957747e-002  0.000000e+000
    656  4.021239e-013  4.000000e-005  7.957747e-002  0.000000e+000
    657  4.021239e-013  4.000000e-005  7.957747e-002  0.000000e+000
    658  4.021239e-013  4.000000e-005  7.957747e-002  0.000000e+000
    659  4.021239e-013  4.000000e-005  7.957747e-002  0.000000e+000
    660  4.021239e-013  4.000000e-005  7.957747e-002  0.000000e+000
    661  4.021239e-013  4.000000e-005  7.957747e-002  0.000000e+000
    662  4.021239e-013  4.000000e-005  7.957747e-002  0.000000e+000
    663  4.021239e-013  4.000000e-005  7.957747e-002  0.000000e+000
    664  4.021239e-013  4.000000e-005  7.957747e-002  0.000000e+000
    665  4.021239e-013  4.000000e-005  7.957747e-002  0.000000e+000
    666  4.021239e-013  4.000000e-005  7.957747e-002  0.000000e+000
    667  4.021239e-013  4.000000e-005  7.957747e-002  0.000000e+000
    668  4.021239e-013  4.000000e-005  7.957747e-002  0.000000e+000
    669  4.021239e-013  4.000000e-005  7.957747e-002  0.000000e+000
    670  4.021239e-013  4.000000e-005  7.957747e-002  0.000000e+000
    671  4.021239e-013  4.000000e-005  7.957747e-002  0.000000e+000
    672  4.021239e-013  4.000000e-005  7.957747e-002  0.000000e+000
    673  4.021239e-013  4.000000e-005  7.957747e-002  0.000000e+000
    674  4.021239e-013  4.000000e-005  7.957747e-002  0.000000e+000
    675  4.021239e-013  4.000000e-005  7.957747e-002  0.000000e+000
    676  4.021239e-013  4.000000e-005  7.957747e-002  0.000000e+000
    677  4.021239e-013  4.000000e-005  7.957747e-002  0.000000e+000
    678  4.021239e-013  4.000000e-005  7.957747e-002  0.000000e+000
    679  4.021239e-013  4.000000e-005  7.957747e-002  0.000000e+000
    680  4.021239e-013  4.000000e-005  7.957747e-002  0.000000e+000
    681  4.021239e-013  4.000000e-005  7.957747e-002  0.000000e+000
    682  4.021239e-013  4.000000e-005  7.957747e-002  0.000000e+000
    683  4.021239e-013  4.000000e-005  7.957747e-002  0.000000e+000
    684  4.021239e-013  4.000000e-005  7.957747e-002  0.000000e+000
    685  4.021239e-013  4.000000e-005  7.957747e-002  0.000000e+000
    686  4.021239e-013  4.000000e-005  7.957747e-002  0.000000e+000
    687  4.021239e-013  4.000000e-005  7.957747e-002  0.000000e+000
    688  4.021239e-013  4.000000e-005  7.957747e-002  0.000000e+000
    689  4.021239e-013  4.000000e-005  7.957747e-002  0.000000e+000
    690  4.021239e-013  4.000000e-005  7.957747e-002  0.000000e+000
    691  4.021239e-013  4.000000e-005  7.957747e-002  0.000000e+000
    692  4.021239e-013  4.000000e-005  7.957747e-002  0.000000e+000
    693  4.021239e-013  4.000000e-005  7.957747e-002  0.000000e+000
    694  4.021239e-013  4.000000e-005  7.957747e-002  0.000000e+000
    695  4.021239e-013  4.000000e-005  7.957747e-002  0.000000e+000
    696  4.021239e-013  4.000000e-005  7.957747e-002  0.000000e+000
    697  4.021239e-013  4.000000e-005  7.957747e-002  0.000000e+000
    698  4.021239e-013  4.000000e-005  7.957747e-002  0.000000e+000
    699  4.021239e-013  4.000000e-005  7.957747e-002  0.000000e+000
    700  4.021239e-013  4.000000e-005  7.957747e-002  0.000000e+000
    701  4.021239e-013  4.000000e-005  7.957747e-002  0.000000e+000
    702  4.021239e-013  4.000000e-005  7.957747e-002  0.000000e+000
    703  4.021239e-013  4.000000e-005  7.957747e-002  0.000000e+000
    704  4.021239e-013  4.000000e-005  7.957747e-002  0.000000e+000
    705  4.021239e-013  4.000000e-005  7.957747e-002  0.000000e+000
    706  4.021239e-013  4.000000e-005  7.957747e-002  0.000000e+000
    707  4.021239e-013  4.000000e-005  7.957747e-002  0.000000e+000
    708  4.021239e-013  4.000000e-005  7.957747e-002  0.000000e+000
    709  4.021239e-013  4.000000e-005  7.957747e-002  0.000000e+000
    710  4.021239e-013  4.000000e-005  7.957747e-002  0.000000e+000
    711  4.021239e-013  4.000000e-005  7.957747e-002  0.000000e+000
    712  4.021239e-013  4.000000e-005  7.957747e-002  0.000000e+000
    713  4.021239e-013  4.000000e-005  7.957747e-002  0.000000e+000
    714  4.021239e-013  4.000000e-005  7.957747e-002  0.000000e+000
    715  4.021239e-013  4.000000e-005  7.957747e-002  0.000000e+000
    716  4.021239e-013  4.000000e-005  7.957747e-002  0.000000e+000
    717  4.021239e-013  4.000000e-005  7.957747e-002  0.000000e+000
    718  4.021239e-013  4.000000e-005  7.957747e-002  0.000000e+000
    719  4.021239e-013  4.000000e-005  7.957747e-002  0.000000e+000
    720  4.021239e-013  4.000000e-005  7.957747e-002  0.000000e+000
    721  4.021239e-013  4.000000e-005  7.957747e-002  0.000000e+000
    722  4.021239e-013  4.000000e-005  7.957747e-002  0.000000e+000
    723  4.021239e-013  4.000000e-005  7.957747e-002  0.000000e+000
    724  4.021239e-013  4.000000e-005  7.957747e-002  0.000000e+000
    725  4.021239e-013  4.000000e-005  7.957747e-002  0.000000e+000
    726  4.021239e-013  4.000000e-005  7.957747e-002  0.000000e+000
    727  4.021239e-013  4.000000e-005  7.957747e-002  0.000000e+000
    728  4.021239e-013  4.000000e-005  7.957747e-002  0.000000e+000
    729  4.021239e-013  4.000000e-005  7.957747e-002  0.000000e+000
    730  4.021239e-013  4.000000e-005  7.957747e-002  0.000000e+000
    731  4.021239e-013  4.000000e-005  7.957747e-002  0.000000e+000
    732  4.021239e-013  4.000000e-005  7.957747e-002  0.000000e+000
    733  4.021239e-013  4.000000e-005  7.957747e-002  0.000000e+000
    734  4.021239e-013  4.000000e-005  7.957747e-002  0.000000e+000
    735  4.021239e-013  4.000000e-005  7.957747e-002  0.000000e+000
    736  4.021239e-013  4.000000e-005  7.957747e-002  0.000000e+000
    737  4.021239e-013  4.000000e-005  7.957747e-002  0.000000e+000
    738  4.021239e-013  4.000000e-005  7.957747e-002  0.000000e+000
    739  4.021239e-013  4.000000e-005  7.957747e-002  0.000000e+000
    740  4.021239e-013  4.000000e-005  7.957747e-002  0.000000e+000
    741  4.021239e-013  4.000000e-005  7.957747e-002  0.000000e+000
    742  4.021239e-013  4.000000e-005  7.957747e-002  0.000000e+000
    743  4.021239e-013  4.000000e-005  7.957747e-002  0.000000e+000
    744  4.021239e-013  4.000000e-005  7.957747e-002  0.000000e+000
    745  4.021239e-013  4.000000e-005  7.957747e-002  0.000000e+000
    746  4.021239e-013  4.000000e-005  7.957747e-002  0.000000e+000
    747  4.021239e-013  4.000000e-005  7.957747e-002  0.000000e+000
    748  4.021239e-013  4.000000e-005  7.957747e-002  0.000000e+000
    749  4.021239e-013  4.000000e-005  7.957747e-002  0.000000e+000
    750  4.021239e-013  4.000000e-005  7.957747e-002  0.000000e+000
    751  4.021239e-013  4.000000e-005  7.957747e-002  0.000000e+000
    752  4.021239e-013  4.000000e-005  7.957747e-002  0.000000e+000
    753  4.021239e-013  4.000000e-005  7.957747e-002  0.000000e+000
    754  4.021239e-013  4.000000e-005  7.957747e-002  0.000000e+000
    755  4.021239e-013  4.000000e-005  7.957747e-002  0.000000e+000
    756  4.021239e-013  4.000000e-005  7.957747e-002  0.000000e+000
    757  4.021239e-013  4.000000e-005  7.957747e-002  0.000000e+000
    758  4.021239e-013  4.000000e-005  7.957747e-002  0.000000e+000
    759  4.021239e-013  4.000000e-005  7.957747e-002  0.000000e+000
    760  4.021239e-013  4.000000e-005  7.957747e-002  0.000000e+000
    761  4.021239e-013  4.000000e-005  7.957747e-002  0.000000e+000
    762  4.021239e-013  4.000000e-005  7.957747e-002  0.000000e+000
    763  4.021239e-013  4.000000e-005  7.957747e-002  0.000000e+000
    764  4.021239e-013  4.000000e-005  7.957747e-002  0.000000e+000
    765  4.021239e-013  4.000000e-005  7.957747e-002  0.000000e+000
    766  4.021239e-013  4.000000e-005  7.957747e-002  0.000000e+000
    767  4.021239e-013  4.000000e-005  7.957747e-002  0.000000e+000
    768  4.021239e-013  4.000000e-005  7.957747e-002  0.000000e+000
    769  4.021239e-013  4.000000e-005  7.957747e-002  0.000000e+000
    770  4.021239e-013  4.000000e-005  7.957747e-002  0.000000e+000
    771  4.021239e-013  4.000000e-005  7.957747e-002  0.000000e+000
    772  4.021239e-013  4.000000e-005  7.957747e-002  0.000000e+000
    773  4.021239e-013  4.000000e-005  7.957747e-002  0.000000e+000
    774  4.021239e-013  4.000000e-005  7.957747e-002  0.000000e+000
    775  4.021239e-013  4.000000e-005  7.957747e-002  0.000000e+000
    776  4.021239e-013  4.000000e-005  7.957747e-002  0.000000e+000
    777  4.021239e-013  4.000000e-005  7.957747e-002  0.000000e+000
    778  4.021239e-013  4.000000e-005  7.957747e-002  0.000000e+000
    779  4.021239e-013  4.000000e-005  7.957747e-002  0.000000e+000
    780  4.021239e-013  4.000000e-005  7.957747e-002  0.000000e+000
    781  4.021239e-013  4.000000e-005  7.957747e-002  0.000000e+000
    782  4.021239e-013  4.000000e-005  7.957747e-002  0.000000e+000
    783  4.021239e-013  4.000000e-005  7.957747e-002  0.000000e+000
    784  4.021239e-013  4.000000e-005  7.957747e-002  0.000000e+000
    785  4.021239e-013  4.000000e-005  7.957747e-002  0.000000e+000
    786  4.021239e-013  4.000000e-005  7.957747e-002  0.000000e+000
    787  4.021239e-013  4.000000e-005  7.957747e-002  0.000000e+000
    788  4.021239e-013  4.000000e-005  7.957747e-002  0.000000e+000
    789  4.021239e-013  4.000000e-005  7.957747e-002  0.000000e+000
    790  4.021239e-013  4.000000e-005  7.957747e-002  0.000000e+000
    791  4.021239e-013  4.000000e-005  7.957747e-002  0.000000e+000
    792  4.021239e-013  4.000000e-005  7.957747e-002  0.000000e+000
    793  4.021239e-013  4.000000e-005  7.957747e-002  0.000000e+000
    794  4.021239e-013  4.000000e-005  7.957747e-002  0.000000e+000
    795  4.021239e-013  4.000000e-005  7.957747e-002  0.000000e+000
    796  4.021239e-013  4.000000e-005  7.957747e-002  0.000000e+000
    797  4.021239e-013  4.000000e-005  7.957747e-002  0.000000e+000
    798  4.021239e-013  4.000000e-005  7.957747e-002  0.000000e+000
    799  4.021239e-013  4.000000e-005  7.957747e-002  0.000000e+000
    800  4.021239e-013  4.000000e-005  7.957747e-002  0.000000e+000
    801  4.021239e-013  4.000000e-005  7.957747e-002  0.000000e+000
    802  4.021239e-013  4.000000e-005  7.957747e-002  0.000000e+000
    803  4.021239e-013  4.000000e-005  7.957747e-002  0.000000e+000
    804  4.021239e-013  4.000000e-005  7.957747e-002  0.000000e+000
    805  4.021239e-013  4.000000e-005  7.957747e-002  0.000000e+000
    806  4.021239e-013  4.000000e-005  7.957747e-002  0.000000e+000
    807  4.021239e-013  4.000000e-005  7.957747e-002  0.000000e+000
    808  4.021239e-013  4.000000e-005  7.957747e-002  0.000000e+000
    809  4.021239e-013  4.000000e-005  7.957747e-002  0.000000e+000
    810  4.021239e-013  4.000000e-005  7.957747e-002  0.000000e+000
    811  4.021239e-013  4.000000e-005  7.957747e-002  0.000000e+000
    812  4.021239e-013  4.000000e-005  7.957747e-002  0.000000e+000
    813  4.021239e-013  4.000000e-005  7.957747e-002  0.000000e+000
    814  4.021239e-013  4.000000e-005  7.957747e-002  0.000000e+000
    815  4.021239e-013  4.000000e-005  7.957747e-002  0.000000e+000
    816  4.021239e-013  4.000000e-005  7.957747e-002  0.000000e+000
    817  4.021239e-013  4.000000e-005  7.957747e-002  0.000000e+000
    818  4.021239e-013  4.000000e-005  7.957747e-002  0.000000e+000
    819  4.021239e-013  4.000000e-005  7.957747e-002  0.000000e+000
    820  4.021239e-013  4.000000e-005  7.957747e-002  0.000000e+000
    821  4.021239e-013  4.000000e-005  7.957747e-002  0.000000e+000
    822  4.021239e-013  4.000000e-005  7.957747e-002  0.000000e+000
    823  4.021239e-013  4.000000e-005  7.957747e-002  0.000000e+000
    824  4.021239e-013  4.000000e-005  7.957747e-002  0.000000e+000
    825  4.021239e-013  4.000000e-005  7.957747e-002  0.000000e+000
    826  4.021239e-013  4.000000e-005  7.957747e-002  0.000000e+000
    827  4.021239e-013  4.000000e-005  7.957747e-002  0.000000e+000
    828  4.021239e-013  4.000000e-005  7.957747e-002  0.000000e+000
    829  4.021239e-013  4.000000e-005  7.957747e-002  0.000000e+000
    830  4.021239e-013  4.000000e-005  7.957747e-002  0.000000e+000
    831  4.021239e-013  4.000000e-005  7.957747e-002  0.000000e+000
    832  4.021239e-013  4.000000e-005  7.957747e-002  0.000000e+000
    833  4.021239e-013  4.000000e-005  7.957747e-002  0.000000e+000
    834  4.021239e-013  4.000000e-005  7.957747e-002  0.000000e+000
    835  4.021239e-013  4.000000e-005  7.957747e-002  0.000000e+000
    836  4.021239e-013  4.000000e-005  7.957747e-002  0.000000e+000
    837  4.021239e-013  4.000000e-005  7.957747e-002  0.000000e+000
    838  4.021239e-013  4.000000e-005  7.957747e-002  0.000000e+000
    839  4.021239e-013  4.000000e-005  7.957747e-002  0.000000e+000
    840  4.021239e-013  4.000000e-005  7.957747e-002  0.000000e+000
    841  4.021239e-013  4.000000e-005  7.957747e-002  0.000000e+000
    842  4.021239e-013  4.000000e-005  7.957747e-002  0.000000e+000
    843  4.021239e-013  4.000000e-005  7.957747e-002  0.000000e+000
    844  4.021239e-013  4.000000e-005  7.957747e-002  0.000000e+000
    845  4.021239e-013  4.000000e-005  7.957747e-002  0.000000e+000
    846  4.021239e-013  4.000000e-005  7.957747e-002  0.000000e+000
    847  4.021239e-013  4.000000e-005  7.957747e-002  0.000000e+000
    848  4.021239e-013  4.000000e-005  7.957747e-002  0.000000e+000
    849  4.021239e-013  4.000000e-005  7.957747e-002  0.000000e+000
    850  4.021239e-013  4.000000e-005  7.957747e-002  0.000000e+000
    851  4.021239e-013  4.000000e-005  7.957747e-002  0.000000e+000
    852  4.021239e-013  4.000000e-005  7.957747e-002  0.000000e+000
    853  4.021239e-013  4.000000e-005  7.957747e-002  0.000000e+000
    854  4.021239e-013  4.000000e-005  7.957747e-002  0.000000e+000
    855  4.021239e-013  4.000000e-005  7.957747e-002  0.000000e+000
    856  4.021239e-013  4.000000e-005  7.957747e-002  0.000000e+000
    857  4.021239e-013  4.000000e-005  7.957747e-002  0.000000e+000
    858  4.021239e-013  4.000000e-005  7.957747e-002  0.000000e+000
    859  4.021239e-013  4.000000e-005  7.957747e-002  0.000000e+000
    860  4.021239e-013  4.000000e-005  7.957747e-002  0.000000e+000
    861  4.021239e-013  4.000000e-005  7.957747e-002  0.000000e+000
    862  4.021239e-013  4.000000e-005  7.957747e-002  0.000000e+000
    863  4.021239e-013  4.000000e-005  7.957747e-002  0.000000e+000
    864  4.021239e-013  4.000000e-005  7.957747e-002  0.000000e+000
    865  4.021239e-013  4.000000e-005  7.957747e-002  0.000000e+000
    866  4.021239e-013  4.000000e-005  7.957747e-002  0.000000e+000
    867  4.021239e-013  4.000000e-005  7.957747e-002  0.000000e+000
    868  4.021239e-013  4.000000e-005  7.957747e-002  0.000000e+000
    869  4.021239e-013  4.000000e-005  7.957747e-002  0.000000e+000
    870  4.021239e-013  4.000000e-005  7.957747e-002  0.000000e+000
    871  4.021239e-013  4.000000e-005  7.957747e-002  0.000000e+000
    872  4.021239e-013  4.000000e-005  7.957747e-002  0.000000e+000
    873  4.021239e-013  4.000000e-005  7.957747e-002  0.000000e+000
    874  4.021239e-013  4.000000e-005  7.957747e-002  0.000000e+000
    875  4.021239e-013  4.000000e-005  7.957747e-002  0.000000e+000
    876  4.021239e-013  4.000000e-005  7.957747e-002  0.000000e+000
    877  4.021239e-013  4.000000e-005  7.957747e-002  0.000000e+000
    878  4.021239e-013  4.000000e-005  7.957747e-002  0.000000e+000
    879  4.021239e-013  4.000000e-005  7.957747e-002  0.000000e+000
    880  4.021239e-013  4.000000e-005  7.957747e-002  0.000000e+000
    881  4.021239e-013  4.000000e-005  7.957747e-002  0.000000e+000
    882  4.021239e-013  4.000000e-005  7.957747e-002  0.000000e+000
    883  4.021239e-013  4.000000e-005  7.957747e-002  0.000000e+000
    884  4.021239e-013  4.000000e-005  7.957747e-002  0.000000e+000
    885  4.021239e-013  4.000000e-005  7.957747e-002  0.000000e+000
    886  4.021239e-013  4.000000e-005  7.957747e-002  0.000000e+000
    887  4.021239e-013  4.000000e-005  7.957747e-002  0.000000e+000
    888  4.021239e-013  4.000000e-005  7.957747e-002  0.000000e+000
    889  4.021239e-013  4.000000e-005  7.957747e-002  0.000000e+000
    890  4.021239e-013  4.000000e-005  7.957747e-002  0.000000e+000
    891  4.021239e-013  4.000000e-005  7.957747e-002  0.000000e+000
    892  4.021239e-013  4.000000e-005  7.957747e-002  0.000000e+000
    893  4.021239e-013  4.000000e-005  7.957747e-002  0.000000e+000
    894  4.021239e-013  4.000000e-005  7.957747e-002  0.000000e+000
    895  4.021239e-013  4.000000e-005  7.957747e-002  0.000000e+000
    896  4.021239e-013  4.000000e-005  7.957747e-002  0.000000e+000
    897  4.021239e-013  4.000000e-005  7.957747e-002  0.000000e+000
    898  4.021239e-013  4.000000e-005  7.957747e-002  0.000000e+000
    899  4.021239e-013  4.000000e-005  7.957747e-002  0.000000e+000
    900  4.021239e-013  4.000000e-005  7.957747e-002  0.000000e+000
    901  4.021239e-013  4.000000e-005  7.957747e-002  0.000000e+000
    902  4.021239e-013  4.000000e-005  7.957747e-002  0.000000e+000
    903  4.021239e-013  4.000000e-005  7.957747e-002  0.000000e+000
    904  4.021239e-013  4.000000e-005  7.957747e-002  0.000000e+000
    905  4.021239e-013  4.000000e-005  7.957747e-002  0.000000e+000
    906  4.021239e-013  4.000000e-005  7.957747e-002  0.000000e+000
    907  4.021239e-013  4.000000e-005  7.957747e-002  0.000000e+000
    908  4.021239e-013  4.000000e-005  7.957747e-002  0.000000e+000
    909  4.021239e-013  4.000000e-005  7.957747e-002  0.000000e+000
    910  4.021239e-013  4.000000e-005  7.957747e-002  0.000000e+000
    911  4.021239e-013  4.000000e-005  7.957747e-002  0.000000e+000
    912  4.021239e-013  4.000000e-005  7.957747e-002  0.000000e+000
    913  4.021239e-013  4.000000e-005  7.957747e-002  0.000000e+000
    914  4.021239e-013  4.000000e-005  7.957747e-002  0.000000e+000
    915  4.021239e-013  4.000000e-005  7.957747e-002  0.000000e+000
    916  4.021239e-013  4.000000e-005  7.957747e-002  0.000000e+000
    917  4.021239e-013  4.000000e-005  7.957747e-002  0.000000e+000
    918  4.021239e-013  4.000000e-005  7.957747e-002  0.000000e+000
    919  4.021239e-013  4.000000e-005  7.957747e-002  0.000000e+000
    920  4.021239e-013  4.000000e-005  7.957747e-002  0.000000e+000
    921  4.021239e-013  4.000000e-005  7.957747e-002  0.000000e+000
    922  4.021239e-013  4.000000e-005  7.957747e-002  0.000000e+000
    923  4.021239e-013  4.000000e-005  7.957747e-002  0.000000e+000
    924  4.021239e-013  4.000000e-005  7.957747e-002  0.000000e+000
    925  4.021239e-013  4.000000e-005  7.957747e-002  0.000000e+000
    926  4.021239e-013  4.000000e-005  7.957747e-002  0.000000e+000
    927  4.021239e-013  4.000000e-005  7.957747e-002  0.000000e+000
    928  4.021239e-013  4.000000e-005  7.957747e-002  0.000000e+000
    929  4.021239e-013  4.000000e-005  7.957747e-002  0.000000e+000
    930  4.021239e-013  4.000000e-005  7.957747e-002  0.000000e+000
    931  4.021239e-013  4.000000e-005  7.957747e-002  0.000000e+000
    932  4.021239e-013  4.000000e-005  7.957747e-002  0.000000e+000
    933  4.021239e-013  4.000000e-005  7.957747e-002  0.000000e+000
    934  4.021239e-013  4.000000e-005  7.957747e-002  0.000000e+000
    935  4.021239e-013  4.000000e-005  7.957747e-002  0.000000e+000
    936  4.021239e-013  4.000000e-005  7.957747e-002  0.000000e+000
    937  4.021239e-013  4.000000e-005  7.957747e-002  0.000000e+000
    938  4.021239e-013  4.000000e-005  7.957747e-002  0.000000e+000
    939  4.021239e-013  4.000000e-005  7.957747e-002  0.000000e+000
    940  4.021239e-013  4.000000e-005  7.957747e-002  0.000000e+000
    941  4.021239e-013  4.000000e-005  7.957747e-002  0.000000e+000
    942  4.021239e-013  4.000000e-005  7.957747e-002  0.000000e+000
    943  4.021239e-013  4.000000e-005  7.957747e-002  0.000000e+000
    944  4.021239e-013  4.000000e-005  7.957747e-002  0.000000e+000
    945  4.021239e-013  4.000000e-005  7.957747e-002  0.000000e+000
    946  4.021239e-013  4.000000e-005  7.957747e-002  0.000000e+000
    947  4.021239e-013  4.000000e-005  7.957747e-002  0.000000e+000
    948  4.021239e-013  4.000000e-005  7.957747e-002  0.000000e+000
    949  4.021239e-013  4.000000e-005  7.957747e-002  0.000000e+000
    950  4.021239e-013  4.000000e-005  7.957747e-002  0.000000e+000
    951  4.021239e-013  4.000000e-005  7.957747e-002  0.000000e+000
    952  4.021239e-013  4.000000e-005  7.957747e-002  0.000000e+000
    953  4.021239e-013  4.000000e-005  7.957747e-002  0.000000e+000
    954  4.021239e-013  4.000000e-005  7.957747e-002  0.000000e+000
    955  4.021239e-013  4.000000e-005  7.957747e-002  0.000000e+000
    956  4.021239e-013  4.000000e-005  7.957747e-002  0.000000e+000
    957  4.021239e-013  4.000000e-005  7.957747e-002  0.000000e+000
    958  4.021239e-013  4.000000e-005  7.957747e-002  0.000000e+000
    959  4.021239e-013  4.000000e-005  7.957747e-002  0.000000e+000
    960  4.021239e-013  4.000000e-005  7.957747e-002  0.000000e+000
    961  4.021239e-013  4.000000e-005  7.957747e-002  0.000000e+000
    962  4.021239e-013  4.000000e-005  7.957747e-002  0.000000e+000
    963  4.021239e-013  4.000000e-005  7.957747e-002  0.000000e+000
    964  4.021239e-013  4.000000e-005  7.957747e-002  0.000000e+000
    965  4.021239e-013  4.000000e-005  7.957747e-002  0.000000e+000
    966  4.021239e-013  4.000000e-005  7.957747e-002  0.000000e+000
    967  4.021239e-013  4.000000e-005  7.957747e-002  0.000000e+000
    968  4.021239e-013  4.000000e-005  7.957747e-002  0.000000e+000
    969  4.021239e-013  4.000000e-005  7.957747e-002  0.000000e+000
    970  4.021239e-013  4.000000e-005  7.957747e-002  0.000000e+000
    971  4.021239e-013  4.000000e-005  7.957747e-002  0.000000e+000
    972  4.021239e-013  4.000000e-005  7.957747e-002  0.000000e+000
    973  4.021239e-013  4.000000e-005  7.957747e-002  0.000000e+000
    974  4.021239e-013  4.000000e-005  7.957747e-002  0.000000e+000
    975  4.021239e-013  4.000000e-005  7.957747e-002  0.000000e+000
    976  4.021239e-013  4.000000e-005  7.957747e-002  0.000000e+000
    977  4.021239e-013  4.000000e-005  7.957747e-002  0.000000e+000
    978  4.021239e-013  4.000000e-005  7.957747e-002  0.000000e+000
    979  4.021239e-013  4.000000e-005  7.957747e-002  0.000000e+000
    980  4.021239e-013  4.000000e-005  7.957747e-002  0.000000e+000
    981  4.021239e-013  4.000000e-005  7.957747e-002  0.000000e+000
    982  4.021239e-013  4.000000e-005  7.957747e-002  0.000000e+000
    983  4.021239e-013  4.000000e-005  7.957747e-002  0.000000e+000
    984  4.021239e-013  4.000000e-005  7.957747e-002  0.000000e+000
    985  4.021239e-013  4.000000e-005  7.957747e-002  0.000000e+000
    986  4.021239e-013  4.000000e-005  7.957747e-002  0.000000e+000
    987  4.021239e-013  4.000000e-005  7.957747e-002  0.000000e+000
    988  4.021239e-013  4.000000e-005  7.957747e-002  0.000000e+000
    989  4.021239e-013  4.000000e-005  7.957747e-002  0.000000e+000
    990  4.021239e-013  4.000000e-005  7.957747e-002  0.000000e+000
    991  4.021239e-013  4.000000e-005  7.957747e-002  0.000000e+000
    992  4.021239e-013  4.000000e-005  7.957747e-002  0.000000e+000
    993  4.021239e-013  4.000000e-005  7.957747e-002  0.000000e+000
    994  4.021239e-013  4.000000e-005  7.957747e-002  0.000000e+000
    995  4.021239e-013  4.000000e-005  7.957747e-002  0.000000e+000
    996  4.021239e-013  4.000000e-005  7.957747e-002  0.000000e+000
    997  4.021239e-013  4.000000e-005  7.957747e-002  0.000000e+000
    998  4.021239e-013  4.000000e-005  7.957747e-002  0.000000e+000
    999  4.021239e-013  4.000000e-005  7.957747e-002  0.000000e+000
   1000  4.021239e-013  4.000000e-005  7.957747e-002  0.000000e+000
