9   1.326802e-003   1.293325e-003   4.476602e-004
      1  1.019457e-004  1.019457e-004  2.238301e-004    3      2      4     -1      1      0      1      2      3
      2  6.634009e-004  1.019457e-004  2.238301e-004    3      3      5      1      0      0      4      5      1
      3  1.224856e-003  1.019457e-004  2.238301e-004    3      0      6      2      0      1      6      7      4
      4  1.019457e-004  6.466626e-004  2.238301e-004    4      5      7     -1      1      1      0      8      9     10      2
      5  6.634009e-004  6.466626e-004  2.238301e-004    4      6      8      4      2      0      0     11     12      8      5
      6  1.224856e-003  6.466626e-004  2.238301e-004    4      0      9      5      3      0      1     13     14     11      7
      7  1.019457e-004  1.191379e-003  2.238301e-004    3      8     -1      4      1      0     15     16      9
      8  6.634009e-004  1.191379e-003  2.238301e-004    3      9      7      5      0      0     17     15     12
      9  1.224856e-003  1.191379e-003  2.238301e-004    3      0      8      6      0      1     18     17     14
