9   3.450000e-004   3.450000e-004   1.150000e-004
      1  2.500000e-005  2.500000e-005  5.750000e-005    3      2      4     -1      1      0      1      2      3
      2  1.725000e-004  2.500000e-005  5.750000e-005    3      3      5      1      0      0      4      5      1
      3  3.200000e-004  2.500000e-005  5.750000e-005    3      0      6      2      0      1      6      7      4
      4  2.500000e-005  1.725000e-004  5.750000e-005    4      5      7     -1      1      1      0      8      9     10      2
      5  1.725000e-004  1.725000e-004  5.750000e-005    4      6      8      4      2      0      0     11     12      8      5
      6  3.200000e-004  1.725000e-004  5.750000e-005    4      0      9      5      3      0      1     13     14     11      7
      7  2.500000e-005  3.200000e-004  5.750000e-005    3      8     -1      4      1      0     15     16      9
      8  1.725000e-004  3.200000e-004  5.750000e-005    3      9      7      5      0      0     17     15     12
      9  3.200000e-004  3.200000e-004  5.750000e-005    3      0      8      6      0      1     18     17     14
