      1  8.577486e-016  3.784610e-006  3.159899e-002  2.268616e-017
      2  1.705434e-015  4.933425e-006  3.520307e-002  4.510618e-017
      3  1.724199e-015  4.961636e-006  3.542072e-002  4.560247e-017
      4  1.884536e-015  4.961636e-006  3.240711e-002  4.984315e-017
      5  2.273869e-015  4.877408e-006  2.551360e-002  6.014042e-017
      6  1.731133e-015  4.877408e-006  3.351250e-002  4.578586e-017
      7  1.414779e-015  4.220016e-006  2.655973e-002  3.741878e-017
      8  1.995282e-015  4.854839e-006  2.867412e-002  5.277221e-017
      9  1.998536e-015  4.864835e-006  2.880465e-002  5.285827e-017
     10  1.264260e-015  4.381496e-006  3.326602e-002  3.343778e-017
     11  7.949724e-016  3.245794e-006  2.150704e-002  2.102583e-017
     12  1.344671e-015  4.337352e-006  3.034086e-002  3.556454e-017
     13  1.256685e-015  4.279392e-006  3.118098e-002  3.323744e-017
     14  1.112454e-015  4.192488e-006  3.312100e-002  2.942275e-017
     15  3.908504e-016  2.773807e-006  2.730160e-002  1.033741e-017
     16  1.271735e-015  4.548477e-006  3.699741e-002  3.363549e-017
     17  9.686205e-016  3.985194e-006  3.267118e-002  2.561856e-017
     18  1.504209e-015  4.456122e-006  2.941257e-002  3.978408e-017
     19  1.822779e-015  4.864835e-006  3.158207e-002  4.820976e-017
     20  1.479259e-015  4.470846e-006  3.020613e-002  3.912417e-017
     21  2.080965e-015  4.803201e-006  2.662550e-002  5.503839e-017
     22  1.391815e-015  4.343245e-006  2.943279e-002  3.681143e-017
     23  1.095851e-015  4.279392e-006  3.575729e-002  2.898362e-017
     24  1.564911e-015  4.711898e-006  3.342474e-002  4.138954e-017
     25  1.477680e-015  4.200717e-006  2.508186e-002  3.908242e-017
     26  1.552026e-015  4.519214e-006  2.973444e-002  4.104876e-017
     27  9.245799e-016  3.977138e-006  3.402025e-002  2.445375e-017
     28  5.085367e-016  3.023350e-006  2.717147e-002  1.345003e-017
     29  1.901621e-015  4.649652e-006  2.643062e-002  5.029503e-017
     30  2.252189e-015  4.920338e-006  2.644538e-002  5.956702e-017
     31  2.341770e-015  4.803201e-006  2.366019e-002  6.193629e-017
     32  1.907003e-015  4.924810e-006  3.131751e-002  5.043736e-017
     33  1.930320e-015  4.924810e-006  3.093920e-002  5.105407e-017
     34  2.257270e-016  2.511792e-006  3.510246e-002  5.970140e-018
     35  1.561838e-015  4.513102e-006  2.942790e-002  4.130828e-017
     36  1.962213e-015  4.640624e-006  2.546554e-002  5.189759e-017
     37  1.980779e-015  4.882004e-006  2.937166e-002  5.238863e-017
     38  2.038867e-015  4.955562e-006  2.984420e-002  5.392496e-017
     39  1.152836e-015  4.181195e-006  3.170324e-002  3.049079e-017
     40  9.133631e-016  3.828428e-006  3.071766e-002  2.415708e-017
     41  1.017633e-015  4.015541e-006  3.181348e-002  2.691486e-017
     42  1.951005e-015  4.726489e-006  2.705999e-002  5.160114e-017
     43  1.988825e-015  4.726489e-006  2.654541e-002  5.260142e-017
     44  1.873757e-015  4.765420e-006  2.887754e-002  4.955807e-017
     45  2.054118e-015  4.794017e-006  2.681904e-002  5.432833e-017
     46  1.520738e-015  4.321971e-006  2.654369e-002  4.022123e-017
     47  6.353952e-016  3.533007e-006  3.470239e-002  1.680525e-017
     48  9.749064e-016  4.093276e-006  3.517388e-002  2.578481e-017
     49  9.731206e-016  3.892155e-006  3.029520e-002  2.573758e-017
     50  1.872757e-015  4.955042e-006  3.248109e-002  4.953160e-017
     51  1.416218e-015  4.331315e-006  2.868792e-002  3.745685e-017
     52  4.749342e-016  3.098670e-006  3.132295e-002  1.256130e-017
     53  1.357293e-015  4.290003e-006  2.908502e-002  3.589836e-017
     54  1.657636e-015  4.955042e-006  3.669634e-002  4.384199e-017
     55  1.040193e-016  2.548657e-006  7.957747e-002  2.751154e-018
     56  1.650489e-015  4.691649e-006  3.128483e-002  4.365296e-017
     57  1.270562e-015  4.389731e-006  3.328803e-002  3.360445e-017
     58  2.239694e-015  4.930839e-006  2.676354e-002  5.923655e-017
     59  1.986837e-016  2.263864e-006  2.919840e-002  5.254884e-018
     60  7.644020e-016  4.955042e-006  7.957747e-002  2.021728e-017
     61  2.029017e-015  4.530520e-006  2.291546e-002  5.366445e-017
     62  1.217593e-015  4.404100e-006  3.507836e-002  3.220351e-017
     63  1.084291e-015  4.223412e-006  3.473877e-002  2.867787e-017
     64  2.178111e-015  4.938775e-006  2.765335e-002  5.760777e-017
     65  1.967470e-015  4.938775e-006  3.061397e-002  5.203663e-017
     66  1.892118e-015  4.735695e-006  2.806551e-002  5.004369e-017
     67  1.419551e-015  4.714517e-006  3.690887e-002  3.754499e-017
     68  2.109816e-015  4.930839e-006  2.841109e-002  5.580146e-017
     69  1.537979e-015  4.454885e-006  2.874278e-002  4.067725e-017
     70  2.125129e-015  4.620055e-006  2.320204e-002  5.620648e-017
     71  1.683727e-015  4.530520e-006  2.761484e-002  4.453205e-017
     72  1.551589e-015  4.828016e-006  3.626597e-002  4.103721e-017
     73  8.009619e-016  3.913219e-006  3.740766e-002  2.118424e-017
     74  1.703134e-015  4.736847e-006  3.120251e-002  4.504533e-017
     75  2.211604e-015  4.917416e-006  2.688274e-002  5.849360e-017
     76  1.640963e-015  4.371601e-006  2.545616e-002  4.340101e-017
     77  2.068290e-015  4.776869e-006  2.635048e-002  5.470316e-017
     78  8.715003e-016  4.002192e-006  3.677868e-002  2.304988e-017
     79  1.424217e-015  4.454885e-006  3.103868e-002  3.766840e-017
     80  8.370418e-016  3.715565e-006  3.064060e-002  2.213850e-017
     81  1.305934e-015  4.251994e-006  2.943247e-002  3.454000e-017
     82  6.036834e-016  4.225775e-006  6.250000e-002  1.596652e-017
     83  1.836843e-015  4.837781e-006  3.082027e-002  4.858175e-017
     84  6.565015e-016  3.398086e-006  2.988392e-002  1.736348e-017
     85  1.573947e-015  4.609327e-006  3.110945e-002  4.162854e-017
     86  1.369953e-015  4.371601e-006  3.049201e-002  3.623319e-017
     87  6.481928e-016  3.279467e-006  2.720669e-002  1.714373e-017
     88  1.357753e-015  4.366889e-006  3.066662e-002  3.591052e-017
     89  4.379468e-016  2.951938e-006  2.936772e-002  1.158304e-017
     90  1.353092e-015  4.154305e-006  2.649340e-002  3.578725e-017
     91  1.851695e-015  4.752184e-006  2.897878e-002  4.897456e-017
     92  1.644538e-015  4.933425e-006  3.650663e-002  4.349555e-017
     93  1.403549e-015  4.396910e-006  3.028204e-002  3.712177e-017
     94  1.531938e-015  4.396910e-006  2.774416e-002  4.051746e-017
     95  1.527980e-015  4.609327e-006  3.204534e-002  4.041277e-017
     96  5.907891e-016  3.448258e-006  3.470058e-002  1.562548e-017
     97  1.734513e-015  4.806881e-006  3.201714e-002  4.587526e-017
     98  2.629132e-015  4.845034e-006  2.162959e-002  6.953660e-017
     99  1.381780e-015  4.536341e-006  3.377910e-002  3.654600e-017
    100  1.321570e-015  4.373579e-006  3.165123e-002  3.495354e-017
    101  1.892735e-015  4.847230e-006  3.008576e-002  5.006000e-017
    102  1.662080e-015  4.847230e-006  3.426091e-002  4.395952e-017
    103  7.319560e-016  3.393930e-006  2.670506e-002  1.935914e-017
    104  1.627869e-015  4.375861e-006  2.573601e-002  4.305468e-017
    105  9.236126e-016  3.919790e-006  3.260382e-002  2.442817e-017
    106  7.965526e-016  3.740404e-006  3.284815e-002  2.106762e-017
    107  3.526988e-016  2.713440e-006  2.832220e-002  9.328353e-018
    108  1.991004e-015  4.787849e-006  2.756254e-002  5.265906e-017
    109  1.985878e-015  4.676685e-006  2.575324e-002  5.252349e-017
    110  1.388646e-015  4.756316e-006  3.874276e-002  3.672759e-017
    111  2.037955e-015  4.930839e-006  2.941290e-002  5.390084e-017
    112  6.257095e-016  3.378229e-006  3.080808e-002  1.654908e-017
    113  3.648179e-016  2.854286e-006  3.187032e-002  9.648886e-018
    114  8.577251e-016  3.892573e-006  3.438209e-002  2.268554e-017
    115  1.644255e-015  4.744261e-006  3.247182e-002  4.348808e-017
    116  3.346296e-016  3.471294e-006  6.250000e-002  8.850450e-018
    117  2.001795e-015  4.192048e-006  1.840047e-002  5.294448e-017
    118  2.074281e-015  4.787849e-006  2.645598e-002  5.486161e-017
    119  1.752915e-015  4.676685e-006  2.917586e-002  4.636196e-017
    120  2.004014e-015  4.714026e-006  2.613636e-002  5.300317e-017
    121  2.074298e-015  4.930839e-006  2.889756e-002  5.486207e-017
    122  1.173318e-015  4.055349e-006  2.842096e-002  3.103251e-017
    123  1.178616e-015  4.248877e-006  3.254019e-002  3.117262e-017
    124  6.573057e-016  4.711898e-006  7.957747e-002  1.738475e-017
    125  1.745677e-015  4.744261e-006  3.058525e-002  4.617053e-017
    126  1.126817e-015  4.270293e-006  3.455331e-002  2.980261e-017
    127  9.322870e-016  3.567563e-006  2.435204e-002  2.465759e-017
    128  1.682951e-015  4.747726e-006  3.179475e-002  4.451153e-017
    129  1.779585e-015  4.908835e-006  3.323429e-002  4.706736e-017
    130  1.121183e-015  4.436047e-006  3.892979e-002  2.965360e-017
    131  1.400125e-015  4.506841e-006  3.269038e-002  3.703119e-017
    132  1.082212e-015  4.055349e-006  3.081360e-002  2.862288e-017
    133  1.251757e-015  4.248877e-006  3.063885e-002  3.310708e-017
    134  1.828608e-015  4.381191e-006  2.299461e-002  4.836392e-017
    135  1.006929e-015  4.104677e-006  3.434059e-002  2.663177e-017
    136  1.681518e-015  4.640624e-006  2.971650e-002  4.447362e-017
    137  1.545038e-015  4.366737e-006  2.694648e-002  4.086393e-017
    138  2.054153e-015  4.955562e-006  2.962211e-002  5.432926e-017
    139  1.871987e-015  4.908835e-006  3.159383e-002  4.951126e-017
    140  1.510529e-015  4.436047e-006  2.889546e-002  3.995121e-017
    141  1.406806e-015  4.668574e-006  3.616502e-002  3.720790e-017
    142  5.795424e-016  3.434154e-006  3.494169e-002  1.532803e-017
    143  3.713050e-016  2.886693e-006  3.239224e-002  9.820459e-018
    144  2.082530e-015  4.712061e-006  2.511953e-002  5.507979e-017
    145  1.641363e-015  4.712061e-006  3.187118e-002  4.341158e-017
    146  1.155361e-015  3.999781e-006  2.769242e-002  3.055756e-017
    147  9.346007e-016  4.162182e-006  3.857511e-002  2.471878e-017
    148  1.649258e-015  4.719761e-006  3.187436e-002  4.362039e-017
    149  6.198079e-016  4.620536e-006  7.957747e-002  1.639299e-017
    150  1.643225e-015  4.938948e-006  3.665864e-002  4.346084e-017
    151  1.413780e-015  4.331315e-006  2.873739e-002  3.739236e-017
    152  4.144995e-016  4.040620e-006  7.957747e-002  1.096289e-017
    153  1.534350e-015  4.267313e-006  2.532265e-002  4.058124e-017
    154  1.919767e-015  4.955042e-006  3.168571e-002  5.077496e-017
    155  1.303557e-015  4.362941e-006  3.185502e-002  3.447714e-017
    156  1.673032e-015  4.803369e-006  3.312100e-002  4.424919e-017
    157  2.188894e-015  4.803369e-006  2.531530e-002  5.789296e-017
    158  1.692689e-015  4.719761e-006  3.105653e-002  4.476908e-017
    159  1.432155e-015  4.620536e-006  3.443953e-002  3.787834e-017
    160  2.116970e-015  4.938948e-006  2.845501e-002  5.599067e-017
    161  8.235312e-016  3.700137e-006  3.075696e-002  2.178116e-017
    162  8.455498e-016  3.851627e-006  3.378808e-002  2.236352e-017
    163  1.476717e-015  4.311142e-006  2.713001e-002  3.905694e-017
    164  1.073691e-015  3.994537e-006  2.968177e-002  2.839753e-017
    165  1.259796e-015  4.179437e-006  2.897497e-002  3.331972e-017
    166  1.535827e-015  4.735695e-006  3.457633e-002  4.062032e-017
    167  1.008379e-015  4.089962e-006  3.392377e-002  2.667010e-017
    168  6.535073e-016  3.443554e-006  3.124210e-002  1.728429e-017
    169  1.230176e-015  4.202335e-006  3.016302e-002  3.253630e-017
    170  1.241755e-015  4.229766e-006  3.047076e-002  3.284255e-017
    171  9.966666e-016  3.929730e-006  3.044446e-002  2.636033e-017
    172  1.104516e-015  4.141491e-006  3.215647e-002  2.921279e-017
    173  1.164535e-015  3.913219e-006  2.572881e-002  3.080021e-017
    174  1.290491e-015  4.457515e-006  3.431574e-002  3.413156e-017
    175  1.698575e-015  4.917416e-006  3.500227e-002  4.492475e-017
    176  1.479377e-015  4.534452e-006  3.151124e-002  3.912731e-017
    177  1.911349e-015  4.896167e-006  3.070426e-002  5.055232e-017
    178  1.261510e-015  4.372666e-006  3.313739e-002  3.336504e-017
    179  1.313285e-015  4.202335e-006  2.825419e-002  3.473442e-017
    180  1.035563e-015  4.090682e-006  3.305069e-002  2.738909e-017
    181  1.634567e-015  4.862461e-006  3.516703e-002  4.323185e-017
    182  1.226207e-015  4.156200e-006  2.927490e-002  3.243135e-017
    183  1.882525e-015  4.837781e-006  3.007238e-002  4.978995e-017
    184  8.922659e-016  4.813579e-006  6.250000e-002  2.359909e-017
    185  1.845385e-015  4.873666e-006  3.136537e-002  4.880765e-017
    186  1.800526e-015  4.873666e-006  3.214682e-002  4.762120e-017
    187  1.943218e-015  4.896167e-006  3.020071e-002  5.139519e-017
    188  9.278187e-016  3.902608e-006  3.203109e-002  2.453941e-017
    189  1.089270e-015  4.209400e-006  3.423696e-002  2.880955e-017
    190  1.515219e-015  4.521410e-006  3.050115e-002  4.007528e-017
    191  1.618008e-015  4.752184e-006  3.316415e-002  4.279389e-017
    192  1.293833e-015  4.556850e-006  3.656671e-002  3.421993e-017
    193  4.193287e-016  2.978911e-006  3.152013e-002  1.109061e-017
    194  1.816665e-015  4.813579e-006  3.069726e-002  4.804805e-017
    195  5.636349e-016  3.282418e-006  3.137282e-002  1.490730e-017
    196  1.972605e-015  4.791682e-006  2.788649e-002  5.217244e-017
    197  1.800882e-015  4.791682e-006  3.054561e-002  4.763062e-017
    198  6.960231e-016  3.514534e-006  3.118528e-002  1.840877e-017
    199  1.845105e-015  4.937912e-006  3.262714e-002  4.880025e-017
    200  2.019003e-015  4.756316e-006  2.664680e-002  5.339960e-017
    201  2.615747e-015  4.943787e-006  2.309689e-002  6.918257e-017
    202  1.556951e-015  4.593679e-006  3.112986e-002  4.117901e-017
    203  1.757216e-015  4.695071e-006  2.944906e-002  4.647573e-017
    204  1.421819e-015  4.720581e-006  3.699237e-002  3.760497e-017
    205  1.945952e-015  4.875196e-006  2.977242e-002  5.146751e-017
    206  5.303770e-016  3.273313e-006  3.306343e-002  1.402768e-017
    207  6.865968e-016  3.562654e-006  3.292982e-002  1.815945e-017
    208  1.685732e-015  4.952268e-006  3.602416e-002  4.458509e-017
    209  1.330221e-015  4.338107e-006  3.068647e-002  3.518236e-017
    210  1.864211e-015  4.813076e-006  2.990496e-002  4.930558e-017
    211  1.142129e-015  4.210284e-006  3.267301e-002  3.020758e-017
    212  1.821867e-015  4.603413e-006  2.677276e-002  4.818564e-017
    213  1.631687e-015  4.703721e-006  3.189025e-002  4.315567e-017
    214  1.525474e-015  4.720581e-006  3.447876e-002  4.034649e-017
    215  6.456117e-016  3.313387e-006  2.817183e-002  1.707546e-017
    216  1.445797e-016  2.136344e-006  3.371915e-002  3.823916e-018
    217  7.640710e-016  3.562654e-006  2.959085e-002  2.020853e-017
    218  1.350928e-015  4.506215e-006  3.386676e-002  3.573001e-017
    219  2.117429e-015  4.521410e-006  2.182644e-002  5.600283e-017
    220  1.729410e-015  4.813076e-006  3.223593e-002  4.574030e-017
    221  1.543925e-015  4.868909e-006  3.737995e-002  4.083450e-017
    222  2.094877e-015  4.868909e-006  2.754903e-002  5.540635e-017
    223  1.921728e-015  4.773215e-006  2.829510e-002  5.082682e-017
    224  2.031699e-015  4.773215e-006  2.676354e-002  5.373539e-017
    225  1.143038e-015  4.333427e-006  3.559622e-002  3.023163e-017
    226  1.984400e-015  4.893433e-006  2.952444e-002  5.248440e-017
    227  5.412931e-016  3.138971e-006  2.856928e-002  1.431639e-017
    228  2.844316e-016  2.651470e-006  3.276817e-002  7.522789e-018
    229  1.939679e-015  4.513885e-006  2.370782e-002  5.130160e-017
    230  1.361322e-015  4.372970e-006  3.071417e-002  3.600492e-017
    231  1.721425e-015  4.506841e-006  2.658879e-002  4.552911e-017
    232  5.862163e-016  3.246177e-006  2.917620e-002  1.550454e-017
    233  6.083194e-016  3.577123e-006  3.762185e-002  1.608913e-017
    234  1.297184e-015  4.333729e-006  3.137282e-002  3.430857e-017
    235  1.198012e-015  4.333729e-006  3.396988e-002  3.168561e-017
    236  1.685248e-015  4.893433e-006  3.476540e-002  4.457227e-017
    237  1.422732e-015  4.695561e-006  3.638389e-002  3.762913e-017
    238  8.543857e-016  3.801882e-006  3.215969e-002  2.259722e-017
    239  1.146073e-015  4.183100e-006  3.193392e-002  3.031192e-017
    240  1.897331e-015  4.808387e-006  2.929713e-002  5.018157e-017
    241  1.871724e-016  2.860118e-006  6.250000e-002  4.950428e-018
    242  3.798022e-016  2.833580e-006  2.995152e-002  1.004520e-017
    243  6.731750e-016  3.577123e-006  3.399725e-002  1.780447e-017
    244  1.020025e-015  4.020093e-006  3.184693e-002  2.697812e-017
    245  1.256091e-015  4.314449e-006  3.196868e-002  3.322173e-017
    246  9.824934e-016  3.860903e-006  2.928917e-002  2.598547e-017
    247  1.144538e-015  3.857440e-006  2.507480e-002  3.027130e-017
    248  7.283457e-016  3.801882e-006  3.772491e-002  1.926365e-017
    249  1.879603e-015  4.880642e-006  3.092678e-002  4.971267e-017
    250  2.212414e-015  4.808387e-006  2.512475e-002  5.851504e-017
    251  4.463870e-016  3.821265e-006  6.250000e-002  1.180626e-017
    252  1.402534e-015  3.821265e-006  1.989199e-002  3.709491e-017
    253  1.438271e-015  4.430503e-006  3.023349e-002  3.804012e-017
    254  1.471703e-015  4.020093e-006  2.207283e-002  3.892435e-017
    255  1.191452e-015  4.362941e-006  3.485231e-002  3.151211e-017
    256  1.479976e-015  4.690183e-006  3.485657e-002  3.914314e-017
    257  1.537434e-015  4.719269e-006  3.418202e-002  4.066283e-017
    258  1.578617e-015  4.933770e-006  3.803908e-002  4.175204e-017
    259  2.321804e-015  4.933770e-006  2.586314e-002  6.140822e-017
    260  2.987376e-015  4.931183e-006  2.006936e-002  7.901161e-017
    261  7.113653e-016  3.419943e-006  2.811473e-002  1.881454e-017
    262  1.360065e-015  4.248431e-006  2.819006e-002  3.597169e-017
    263  1.954859e-015  4.311142e-006  2.049423e-002  5.170308e-017
    264  9.417086e-016  3.858410e-006  3.049850e-002  2.490678e-017
    265  1.316992e-015  4.489510e-006  3.435451e-002  3.483247e-017
    266  1.564250e-015  4.489510e-006  2.892416e-002  4.137206e-017
    267  1.770931e-015  4.719269e-006  2.967513e-002  4.683847e-017
    268  7.102730e-016  3.593485e-006  3.266571e-002  1.878566e-017
    269  5.394921e-016  3.296026e-006  3.318616e-002  1.426876e-017
    270  7.079867e-016  3.403675e-006  2.784770e-002  1.872518e-017
    271  1.059112e-015  4.180755e-006  3.449789e-002  2.801191e-017
    272  1.026527e-015  4.248431e-006  3.734957e-002  2.715009e-017
    273  1.959647e-015  4.955215e-006  3.104415e-002  5.182971e-017
    274  1.216404e-015  4.348086e-006  3.378988e-002  3.217205e-017
    275  6.192788e-016  3.357771e-006  3.056588e-002  1.637899e-017
    276  1.454334e-015  4.394313e-006  2.917283e-002  3.846496e-017
    277  9.374758e-016  3.521918e-006  2.329956e-002  2.479483e-017
    278  1.161174e-015  3.931552e-006  2.616764e-002  3.071131e-017
    279  1.091007e-015  4.177826e-006  3.341902e-002  2.885549e-017
    280  2.699664e-016  2.620336e-006  3.332201e-002  7.140207e-018
    281  1.788038e-015  4.862461e-006  3.214857e-002  4.729092e-017
    282  1.144503e-015  4.156200e-006  3.136480e-002  3.027038e-017
    283  1.710059e-015  4.471467e-006  2.614021e-002  4.522850e-017
    284  1.589541e-015  4.766083e-006  3.405517e-002  4.204097e-017
    285  1.614407e-015  4.766083e-006  3.353062e-002  4.269865e-017
    286  8.808117e-016  4.025218e-006  3.702160e-002  2.329615e-017
    287  1.573822e-015  4.641429e-006  3.176652e-002  4.162522e-017
    288  1.751674e-015  4.856870e-006  3.270290e-002  4.632914e-017
    289  8.247756e-016  3.902050e-006  3.601744e-002  2.181408e-017
    290  1.476706e-015  4.489666e-006  3.064207e-002  3.905666e-017
    291  1.993807e-015  4.507467e-006  2.296595e-002  5.273319e-017
    292  1.563440e-015  4.593679e-006  3.100065e-002  4.135064e-017
    293  2.348706e-015  4.695071e-006  2.203271e-002  6.211975e-017
    294  1.522060e-015  4.537443e-006  3.068822e-002  4.025620e-017
    295  1.672371e-015  4.733721e-006  3.171359e-002  4.423170e-017
    296  2.036116e-015  4.733721e-006  2.604806e-002  5.385221e-017
    297  2.338759e-015  4.641429e-006  2.137665e-002  6.185666e-017
    298  2.234421e-015  4.856870e-006  2.563743e-002  5.909707e-017
    299  1.842720e-015  4.937912e-006  3.266936e-002  4.873718e-017
    300  1.676089e-015  4.489666e-006  2.699698e-002  4.433003e-017
    301  6.280423e-016  3.192249e-006  2.589831e-002  1.661078e-017
    302  6.402719e-016  3.640510e-006  3.767838e-002  1.693423e-017
    303  1.138239e-015  3.996095e-006  2.803135e-002  3.010471e-017
    304  1.361508e-015  4.447928e-006  3.231639e-002  3.600986e-017
    305  2.133114e-015  4.875196e-006  2.716016e-002  5.641766e-017
    306  1.051155e-015  4.009999e-006  3.067158e-002  2.780147e-017
    307  1.581209e-015  4.504495e-006  2.890142e-002  4.182060e-017
    308  1.819657e-015  4.952268e-006  3.337283e-002  4.812719e-017
    309  1.264953e-015  4.303936e-006  3.151325e-002  3.345610e-017
    310  1.055178e-015  3.892573e-006  2.794826e-002  2.790787e-017
    311  1.391235e-015  4.213968e-006  2.689326e-002  3.679606e-017
    312  2.281807e-015  4.895483e-006  2.570856e-002  6.035038e-017
    313  1.990314e-015  4.895483e-006  2.947372e-002  5.264083e-017
    314  1.647389e-015  4.339165e-006  2.479660e-002  4.357097e-017
    315  3.290974e-016  2.769976e-006  3.229041e-002  8.704131e-018
    316  1.475956e-015  4.439901e-006  2.964945e-002  3.903681e-017
    317  1.064360e-015  4.248283e-006  3.601818e-002  2.815072e-017
    318  8.778300e-016  3.718275e-006  2.928088e-002  2.321728e-017
    319  5.098835e-016  3.421767e-006  3.928712e-002  1.348565e-017
    320  1.376876e-015  4.309490e-006  2.906383e-002  3.641630e-017
    321  1.229445e-015  4.472088e-006  3.637408e-002  3.251697e-017
    322  1.727403e-015  4.786849e-006  3.174868e-002  4.568722e-017
    323  1.070359e-015  4.250361e-006  3.586888e-002  2.830940e-017
    324  4.717007e-016  4.218540e-006  7.957747e-002  1.247577e-017
    325  6.467082e-016  3.551391e-006  3.463035e-002  1.710446e-017
    326  1.272270e-015  4.386985e-006  3.318097e-002  3.364963e-017
    327  1.612516e-015  4.572847e-006  2.965009e-002  4.264862e-017
    328  1.566950e-015  4.703068e-006  3.319394e-002  4.144346e-017
    329  1.645906e-015  4.703068e-006  3.160158e-002  4.353175e-017
    330  6.010000e-016  3.370325e-006  3.185011e-002  1.589555e-017
    331  1.198467e-015  4.348389e-006  3.430277e-002  3.169764e-017
    332  1.369116e-015  4.358540e-006  3.023799e-002  3.621107e-017
    333  5.384397e-016  3.354926e-006  3.506563e-002  1.424092e-017
    334  2.138979e-015  4.894458e-006  2.740800e-002  5.657278e-017
    335  2.312759e-015  4.952268e-006  2.625742e-002  6.116901e-017
    336  1.240788e-015  3.861457e-006  2.320204e-002  3.281697e-017
    337  9.938607e-016  3.861457e-006  2.896665e-002  2.628612e-017
    338  1.654522e-015  4.620536e-006  2.981087e-002  4.375962e-017
    339  6.013337e-016  3.251419e-006  2.858074e-002  1.590437e-017
    340  1.537607e-015  4.425580e-006  2.818610e-002  4.066741e-017
    341  6.288517e-016  3.481787e-006  3.356050e-002  1.663218e-017
    342  1.438420e-015  4.358540e-006  2.878112e-002  3.804404e-017
    343  1.220078e-015  4.503557e-006  3.743255e-002  3.226923e-017
    344  2.796242e-016  2.575083e-006  3.053296e-002  7.395640e-018
    345  1.775025e-015  4.952268e-006  3.421197e-002  4.694675e-017
    346  4.322068e-016  3.010567e-006  3.156629e-002  1.143122e-017
    347  1.782683e-015  4.913810e-006  3.327751e-002  4.714929e-017
    348  1.449606e-015  4.474107e-006  3.089152e-002  3.833990e-017
    349  1.312886e-015  4.474107e-006  3.410846e-002  3.472386e-017
    350  8.589650e-016  3.827050e-006  3.262774e-002  2.271833e-017
    351  9.598618e-016  3.618696e-006  2.468412e-002  2.538690e-017
    352  6.983381e-016  3.427502e-006  2.882951e-002  1.846999e-017
    353  1.745130e-015  4.966328e-006  3.509526e-002  4.615606e-017
    354  5.914986e-016  3.622973e-006  4.019867e-002  1.564425e-017
    355  4.056078e-016  2.848580e-006  2.849372e-002  1.072772e-017
    356  1.691702e-015  4.690183e-006  3.049408e-002  4.474297e-017
    357  1.716517e-015  4.913810e-006  3.456024e-002  4.539930e-017
    358  1.719618e-015  4.858394e-006  3.334388e-002  4.548132e-017
    359  1.905824e-015  4.858394e-006  3.008607e-002  5.040618e-017
    360  1.221523e-015  4.291500e-006  3.235160e-002  3.230744e-017
    361  9.279053e-016  4.119431e-006  3.766846e-002  2.454170e-017
    362  1.276792e-015  4.531935e-006  3.645027e-002  3.376924e-017
    363  1.675040e-015  4.966328e-006  3.656376e-002  4.430230e-017
    364  1.405528e-015  4.661449e-006  3.603241e-002  3.717410e-017
    365  5.121080e-016  3.196446e-006  3.188678e-002  1.354449e-017
    366  5.212721e-016  4.361423e-006  7.957747e-002  1.378687e-017
    367  5.872972e-016  3.304124e-006  3.071009e-002  1.553313e-017
    368  5.782310e-016  3.304124e-006  3.119160e-002  1.529334e-017
    369  1.377398e-015  4.598783e-006  3.530525e-002  3.643010e-017
    370  6.300928e-016  3.317378e-006  2.897012e-002  1.666501e-017
    371  1.346807e-015  4.437743e-006  3.244524e-002  3.562102e-017
    372  6.684461e-016  3.419161e-006  2.989939e-002  1.767940e-017
    373  2.577315e-015  4.955215e-006  2.360424e-002  6.816611e-017
    374  1.265290e-015  4.440518e-006  3.460038e-002  3.346502e-017
    375  1.455999e-015  4.401192e-006  2.927656e-002  3.850899e-017
    376  1.307341e-015  4.361423e-006  3.172969e-002  3.457720e-017
    377  4.294061e-016  3.030499e-006  3.240740e-002  1.135715e-017
    378  1.028470e-015  3.931552e-006  2.954406e-002  2.720150e-017
    379  1.536274e-015  4.598783e-006  3.165411e-002  4.063213e-017
    380  1.665448e-015  4.430349e-006  2.610674e-002  4.404860e-017
    381  1.507627e-015  4.754001e-006  3.563312e-002  3.987448e-017
    382  8.595435e-016  4.754001e-006  6.250000e-002  2.273364e-017
    383  1.436063e-015  4.392174e-006  2.950090e-002  3.798170e-017
    384  1.568881e-015  4.440518e-006  2.790493e-002  4.149455e-017
    385  1.420005e-015  4.548162e-006  3.312742e-002  3.755701e-017
    386  1.346657e-015  4.566505e-006  3.535613e-002  3.561705e-017
    387  1.413511e-015  4.488575e-006  3.198869e-002  3.738523e-017
    388  1.806222e-015  4.900100e-006  3.256970e-002  4.777186e-017
    389  1.861434e-015  4.913295e-006  3.185963e-002  4.923213e-017
    390  1.168967e-015  4.430349e-006  3.719476e-002  3.091741e-017
    391  7.720399e-016  3.639304e-006  3.121657e-002  2.041930e-017
    392  8.021140e-016  3.640510e-006  3.007603e-002  2.121471e-017
    393  1.876801e-015  4.924294e-006  3.181146e-002  4.963857e-017
    394  1.179852e-015  4.140328e-006  3.007786e-002  3.120530e-017
    395  1.381723e-015  4.548162e-006  3.404527e-002  3.654449e-017
    396  1.662204e-015  4.566505e-006  2.864425e-002  4.396279e-017
    397  1.605271e-015  4.504495e-006  2.846819e-002  4.245702e-017
    398  2.289471e-015  4.965111e-006  2.673140e-002  6.055307e-017
    399  1.658105e-015  4.965111e-006  3.691007e-002  4.385439e-017
    400  1.749730e-015  4.576021e-006  2.738187e-002  4.627772e-017
    401  1.248388e-015  4.278496e-006  3.136852e-002  3.301798e-017
    402  6.863594e-016  3.389126e-006  2.835838e-002  1.815317e-017
    403  1.623298e-015  4.870267e-006  3.558199e-002  4.293379e-017
    404  1.516156e-015  4.570626e-006  3.148859e-002  4.010004e-017
    405  1.706120e-015  4.873666e-006  3.392562e-002  4.512431e-017
    406  1.929036e-015  4.873666e-006  3.000523e-002  5.102011e-017
    407  3.696942e-016  2.835811e-006  3.084317e-002  9.777857e-018
    408  8.965541e-016  3.880747e-006  3.259415e-002  2.371251e-017
    409  1.205390e-015  4.303936e-006  3.307044e-002  3.188075e-017
    410  1.244935e-015  3.990572e-006  2.552282e-002  3.292666e-017
    411  1.384051e-015  4.540908e-006  3.382563e-002  3.660607e-017
    412  1.353950e-015  4.540908e-006  3.457764e-002  3.580995e-017
    413  1.205085e-015  4.016537e-006  2.688484e-002  3.187269e-017
    414  1.555824e-015  4.712880e-006  3.364098e-002  4.114921e-017
    415  1.706754e-015  4.663229e-006  2.970704e-002  4.514108e-017
    416  1.409659e-015  4.439901e-006  3.104386e-002  3.728338e-017
    417  2.183015e-016  3.263064e-006  7.957747e-002  5.773747e-018
    418  8.321414e-016  3.772984e-006  3.227213e-002  2.200889e-017
    419  9.813608e-016  3.960354e-006  3.164779e-002  2.595552e-017
    420  1.735627e-015  4.575862e-006  2.760149e-002  4.590473e-017
    421  1.930816e-015  4.675062e-006  2.646009e-002  5.106718e-017
    422  8.448660e-016  3.889371e-006  3.481932e-002  2.234544e-017
    423  1.132965e-015  4.355053e-006  3.645305e-002  2.996522e-017
    424  1.472474e-015  4.712880e-006  3.554524e-002  3.894472e-017
    425  2.027752e-015  4.650943e-006  2.480723e-002  5.363100e-017
    426  1.474659e-015  4.386985e-006  2.862706e-002  3.900251e-017
    427  1.498429e-015  4.596868e-006  3.241306e-002  3.963120e-017
    428  1.188203e-015  4.354750e-006  3.475114e-002  3.142619e-017
    429  1.260874e-015  4.606289e-006  3.875715e-002  3.334822e-017
    430  1.286062e-015  4.575862e-006  3.725006e-002  3.401441e-017
    431  9.667509e-016  3.977703e-006  3.255011e-002  2.556911e-017
    432  1.022631e-015  4.010141e-006  3.153045e-002  2.704705e-017
    433  1.025479e-015  3.990572e-006  3.098479e-002  2.712238e-017
    434  1.146802e-015  3.990572e-006  2.770683e-002  3.033120e-017
    435  4.755407e-016  3.080397e-006  3.073281e-002  1.257734e-017
    436  3.548559e-016  2.641992e-006  2.598438e-002  9.385407e-018
    437  5.978383e-016  3.246305e-006  2.861239e-002  1.581193e-017
    438  1.716176e-015  4.660963e-006  2.950090e-002  4.539028e-017
    439  1.607194e-015  4.907977e-006  3.677979e-002  4.250788e-017
    440  1.783560e-015  4.907977e-006  3.314286e-002  4.717247e-017
    441  1.322955e-015  3.868112e-006  2.187368e-002  3.499018e-017
    442  9.789441e-016  3.669250e-006  2.523156e-002  2.589160e-017
    443  1.451536e-015  4.503557e-006  3.146366e-002  3.839095e-017
    444  1.106524e-015  4.191607e-006  3.327751e-002  2.926591e-017
    445  3.820099e-016  2.988163e-006  3.492273e-002  1.010359e-017
    446  1.108464e-015  4.380277e-006  3.790993e-002  2.931722e-017
    447  7.110437e-016  3.718681e-006  3.616102e-002  1.880604e-017
    448  1.463316e-015  4.660963e-006  3.459863e-002  3.870252e-017
    449  7.003339e-016  3.427762e-006  2.875391e-002  1.852278e-017
    450  8.004428e-016  3.704599e-006  3.175875e-002  2.117051e-017
    451  1.706336e-015  4.924638e-006  3.499680e-002  4.513003e-017
    452  6.824531e-016  4.402110e-006  6.250000e-002  1.804986e-017
    453  1.811608e-015  4.591289e-006  2.671221e-002  4.791430e-017
    454  1.175109e-015  4.216475e-006  3.189632e-002  3.107986e-017
    455  1.246370e-015  4.266419e-006  3.115399e-002  3.296462e-017
    456  2.393537e-015  4.880301e-006  2.428118e-002  6.330546e-017
    457  2.225724e-015  4.880301e-006  2.611191e-002  5.886705e-017
    458  6.463045e-016  4.685462e-006  7.957747e-002  1.709378e-017
    459  1.778007e-015  4.722714e-006  2.962179e-002  4.702562e-017
    460  1.673596e-015  4.828016e-006  3.362214e-002  4.426411e-017
    461  8.931292e-016  3.840984e-006  3.172365e-002  2.362193e-017
    462  1.378231e-015  4.402110e-006  3.094786e-002  3.645215e-017
    463  1.570684e-015  4.591289e-006  3.080953e-002  4.154223e-017
    464  1.327375e-015  4.661449e-006  3.815391e-002  3.510709e-017
    465  1.741834e-015  4.841153e-006  3.256939e-002  4.606889e-017
    466  1.472001e-015  4.436201e-006  2.965485e-002  3.893221e-017
    467  1.291892e-015  4.468518e-006  3.453302e-002  3.416860e-017
    468  5.546619e-016  3.355184e-006  3.404793e-002  1.466997e-017
    469  1.920735e-015  4.768569e-006  2.822714e-002  5.080057e-017
    470  1.478446e-015  4.828016e-006  3.806015e-002  3.910269e-017
    471  1.133730e-015  4.210873e-006  3.292888e-002  2.998545e-017
    472  2.569631e-016  3.178778e-006  6.250000e-002  6.796288e-018
    473  2.199308e-016  2.444333e-006  3.320205e-002  5.816840e-018
    474  8.757738e-016  4.017390e-006  3.701775e-002  2.316290e-017
    475  1.619378e-015  4.841153e-006  3.503227e-002  4.283011e-017
    476  1.813805e-015  4.860088e-006  3.164549e-002  4.797242e-017
    477  1.507936e-015  4.619254e-006  3.268154e-002  3.988265e-017
    478  2.202420e-015  4.940157e-006  2.737110e-002  5.825070e-017
    479  1.909438e-015  4.940157e-006  3.157088e-002  5.050177e-017
    480  1.604859e-015  4.732076e-006  3.301325e-002  4.244611e-017
    481  1.668306e-015  4.733227e-006  3.178092e-002  4.412418e-017
    482  1.179609e-015  4.318209e-006  3.413051e-002  3.119889e-017
    483  1.046489e-015  4.021943e-006  3.108443e-002  2.767807e-017
    484  2.089808e-015  4.822135e-006  2.682759e-002  5.527227e-017
    485  1.865225e-015  4.822135e-006  3.005776e-002  4.933241e-017
    486  3.276516e-016  2.727749e-006  3.097210e-002  8.665893e-018
    487  6.396038e-016  3.206628e-006  2.577536e-002  1.691656e-017
    488  5.224564e-016  3.248862e-006  3.281811e-002  1.381819e-017
    489  2.009803e-015  4.913295e-006  2.950768e-002  5.315626e-017
    490  1.161978e-015  4.492628e-006  3.901877e-002  3.073257e-017
    491  1.957043e-015  4.709934e-006  2.669403e-002  5.176085e-017
    492  4.573787e-016  3.334649e-006  4.053632e-002  1.209698e-017
    493  1.784505e-015  4.924294e-006  3.345677e-002  4.719748e-017
    494  1.704260e-015  4.853823e-006  3.354949e-002  4.507513e-017
    495  1.656998e-015  4.524550e-006  2.794950e-002  4.382511e-017
    496  1.771340e-015  4.524550e-006  2.614533e-002  4.684929e-017
    497  9.091844e-016  3.946146e-006  3.379384e-002  2.404656e-017
    498  9.332528e-016  3.946146e-006  3.292231e-002  2.468313e-017
    499  9.126638e-016  3.970644e-006  3.429590e-002  2.413859e-017
    500  1.198854e-015  3.990572e-006  2.650386e-002  3.170788e-017
    501  1.441906e-015  4.159555e-006  2.495593e-002  3.813625e-017
    502  1.174001e-015  4.159555e-006  3.065084e-002  3.105055e-017
    503  1.931338e-015  4.870267e-006  2.990681e-002  5.108100e-017
    504  5.805767e-016  3.283059e-006  3.047519e-002  1.535538e-017
    505  2.228977e-015  4.928254e-006  2.684995e-002  5.895311e-017
    506  1.735493e-015  4.928254e-006  3.448470e-002  4.590118e-017
    507  6.596328e-016  3.337874e-006  2.818888e-002  1.744630e-017
    508  8.725490e-016  3.554304e-006  2.573025e-002  2.307761e-017
    509  4.320612e-016  3.118361e-006  3.509167e-002  1.142737e-017
    510  1.152250e-015  4.364459e-006  3.607569e-002  3.047528e-017
    511  1.142290e-015  4.068680e-006  2.948182e-002  3.021186e-017
    512  1.070187e-015  4.195866e-006  3.451241e-002  2.830484e-017
    513  1.277628e-015  4.338862e-006  3.196637e-002  3.379134e-017
    514  5.838265e-016  3.205864e-006  2.821770e-002  1.544133e-017
    515  2.045922e-015  4.628239e-006  2.422861e-002  5.411155e-017
    516  1.767062e-015  4.628239e-006  2.805212e-002  4.673613e-017
    517  8.111176e-017  1.677040e-006  2.907477e-002  2.145284e-018
    518  1.430969e-015  4.520155e-006  3.227007e-002  3.784698e-017
    519  1.384122e-015  4.414521e-006  3.107753e-002  3.660794e-017
    520  1.410973e-015  4.414521e-006  3.048611e-002  3.731812e-017
    521  1.062617e-015  4.068680e-006  3.169231e-002  2.810462e-017
    522  2.217494e-015  4.915355e-006  2.677763e-002  5.864939e-017
    523  2.096362e-015  4.915355e-006  2.832490e-002  5.544562e-017
    524  1.466006e-015  4.241313e-006  2.602167e-002  3.877366e-017
    525  1.656156e-015  4.650943e-006  3.037329e-002  4.380285e-017
    526  5.928336e-016  3.377063e-006  3.248289e-002  1.567956e-017
    527  1.656151e-015  4.596868e-006  2.932624e-002  4.380270e-017
    528  7.693695e-016  3.763152e-006  3.463301e-002  2.034867e-017
    529  1.969200e-015  4.699476e-006  2.635290e-002  5.208239e-017
    530  1.419925e-015  4.459218e-006  3.122345e-002  3.755487e-017
    531  1.221978e-015  4.275213e-006  3.197274e-002  3.231949e-017
    532  1.321998e-015  4.534609e-006  3.526621e-002  3.496487e-017
    533  9.809269e-016  3.990005e-006  3.237828e-002  2.594404e-017
    534  8.452582e-016  4.110747e-006  4.109063e-002  2.235581e-017
    535  1.056157e-015  4.110747e-006  3.288546e-002  2.793375e-017
    536  1.310596e-015  4.275959e-006  2.982646e-002  3.466331e-017
    537  1.951815e-015  4.842671e-006  2.909286e-002  5.162257e-017
    538  1.854271e-015  4.856193e-006  3.088052e-002  4.904267e-017
    539  1.230068e-015  4.527377e-006  3.772080e-002  3.253344e-017
    540  7.665244e-016  3.695002e-006  3.290699e-002  2.027342e-017
    541  1.650507e-015  4.307088e-006  2.420492e-002  4.365344e-017
    542  4.644611e-016  3.218604e-006  3.589413e-002  1.228430e-017
    543  1.072631e-015  3.948395e-006  2.869335e-002  2.836948e-017
    544  9.767646e-016  3.948395e-006  3.150952e-002  2.583396e-017
    545  6.841077e-016  3.526932e-006  3.206542e-002  1.809362e-017
    546  3.509792e-016  3.526932e-006  6.250000e-002  9.282872e-018
    547  1.742804e-015  4.251697e-006  2.205000e-002  4.609454e-017
    548  1.150683e-015  4.119431e-006  3.037567e-002  3.043384e-017
    549  1.468041e-015  4.527377e-006  3.160617e-002  3.882747e-017
    550  1.140165e-015  4.263591e-006  3.398824e-002  3.015566e-017
    551  1.723508e-015  4.924638e-006  3.464811e-002  4.558421e-017
    552  1.124408e-015  4.098901e-006  3.062305e-002  2.973891e-017
    553  7.168487e-016  3.673289e-006  3.457067e-002  1.895957e-017
    554  1.103682e-015  4.216475e-006  3.396055e-002  2.919073e-017
    555  4.687082e-016  3.060012e-006  3.056588e-002  1.239663e-017
    556  4.677393e-016  3.060012e-006  3.062920e-002  1.237100e-017
    557  1.431578e-015  4.342187e-006  2.859438e-002  3.786308e-017
    558  1.065357e-015  3.739588e-006  2.454404e-002  2.817710e-017
    559  1.314870e-015  4.523765e-006  3.520361e-002  3.477634e-017
    560  3.346720e-016  2.901239e-006  3.648389e-002  8.851572e-018
    561  1.500405e-015  4.560488e-006  3.160789e-002  3.968345e-017
    562  1.365442e-015  4.611246e-006  3.590473e-002  3.611389e-017
    563  5.357472e-016  3.192885e-006  3.037805e-002  1.416971e-017
    564  1.041983e-015  3.997654e-006  3.065668e-002  2.755888e-017
    565  1.518027e-015  4.731418e-006  3.488708e-002  4.014953e-017
    566  1.759448e-015  4.617010e-006  2.796895e-002  4.653475e-017
    567  1.516949e-015  4.468518e-006  2.940964e-002  4.012103e-017
    568  1.113221e-015  4.126533e-006  3.156055e-002  2.944301e-017
    569  1.475072e-015  4.523765e-006  3.138027e-002  3.901345e-017
    570  7.757118e-016  3.750883e-006  3.401496e-002  2.051641e-017
    571  1.114462e-015  4.210873e-006  3.349818e-002  2.947585e-017
    572  1.347128e-015  4.611246e-006  3.639285e-002  3.562952e-017
    573  1.049498e-015  4.002050e-006  3.053767e-002  2.775765e-017
    574  1.641882e-015  4.645297e-006  3.052590e-002  4.342532e-017
    575  1.459675e-015  4.307988e-006  2.738655e-002  3.860622e-017
    576  2.192226e-015  4.860088e-006  2.618287e-002  5.798107e-017
    577  8.954307e-016  3.815348e-006  3.101275e-002  2.368280e-017
    578  1.926396e-015  4.770062e-006  2.817063e-002  5.095027e-017
    579  1.468245e-015  4.353992e-006  2.810830e-002  3.883287e-017
    580  1.219443e-015  4.191461e-006  3.019288e-002  3.225244e-017
    581  9.705013e-016  3.965145e-006  3.211818e-002  2.566830e-017
    582  1.573309e-015  4.396758e-006  2.701180e-002  4.161166e-017
    583  1.803501e-015  4.966676e-006  3.396652e-002  4.769989e-017
    584  2.013984e-015  4.924122e-006  2.964151e-002  5.326685e-017
    585  2.239262e-015  4.871966e-006  2.582129e-002  5.922513e-017
    586  1.531665e-015  4.412067e-006  2.803706e-002  4.051025e-017
    587  1.239386e-015  4.276258e-006  3.154679e-002  3.277989e-017
    588  6.528901e-016  3.390034e-006  2.983611e-002  1.726796e-017
    589  4.456537e-016  2.952936e-006  2.888914e-002  1.178687e-017
    590  6.655363e-016  3.611484e-006  3.538794e-002  1.760244e-017
    591  8.240693e-016  3.888258e-006  3.566739e-002  2.179540e-017
    592  1.203458e-015  4.467588e-006  3.704745e-002  3.182966e-017
    593  1.653861e-015  4.800695e-006  3.344900e-002  4.374214e-017
    594  1.246915e-015  4.425580e-006  3.475711e-002  3.297903e-017
    595  2.091677e-015  4.871966e-006  2.764320e-002  5.532170e-017
    596  5.152010e-016  2.992541e-006  2.600840e-002  1.362629e-017
    597  1.149619e-015  4.199688e-006  3.221566e-002  3.040569e-017
    598  1.311806e-015  4.199688e-006  2.823264e-002  3.469529e-017
    599  1.355912e-015  4.344153e-006  3.023108e-002  3.586184e-017
    600  1.396696e-015  4.303636e-006  2.853479e-002  3.694052e-017
    601  1.363181e-015  4.417283e-006  3.161420e-002  3.605410e-017
    602  1.677636e-015  4.501838e-006  2.719205e-002  4.437095e-017
    603  5.741434e-016  3.182208e-006  2.806308e-002  1.518523e-017
    604  1.468057e-015  4.512632e-006  3.129801e-002  3.882791e-017
    605  1.304909e-015  4.512632e-006  3.521109e-002  3.451289e-017
    606  1.359577e-015  4.462006e-006  3.267058e-002  3.595877e-017
    607  1.270968e-015  4.201452e-006  2.917654e-002  3.361519e-017
    608  1.808519e-015  4.705029e-006  2.879610e-002  4.783262e-017
    609  1.907452e-015  4.705029e-006  2.730255e-002  5.044924e-017
    610  1.712278e-015  4.364459e-006  2.427655e-002  4.528719e-017
    611  2.108444e-015  4.920338e-006  2.824832e-002  5.576518e-017
    612  5.122336e-016  3.036773e-006  2.733625e-002  1.354781e-017
    613  5.310383e-016  3.124553e-006  2.872154e-002  1.404517e-017
    614  8.507511e-016  3.730484e-006  3.051147e-002  2.250109e-017
    615  1.622660e-015  4.660963e-006  3.120107e-002  4.291693e-017
    616  1.631725e-015  4.660963e-006  3.102773e-002  4.315668e-017
    617  1.106403e-015  4.141201e-006  3.209484e-002  2.926271e-017
    618  1.843611e-015  4.520155e-006  2.504730e-002  4.876073e-017
    619  4.393046e-016  2.902980e-006  2.784431e-002  1.161895e-017
    620  6.465703e-016  3.649361e-006  3.758416e-002  1.710081e-017
    621  1.397687e-015  4.632257e-006  3.555804e-002  3.696673e-017
    622  1.835424e-015  4.822974e-006  3.056177e-002  4.854421e-017
    623  1.280867e-015  4.418512e-006  3.367394e-002  3.387702e-017
    624  1.133948e-015  4.241313e-006  3.364168e-002  2.999123e-017
    625  1.541350e-015  4.423735e-006  2.808251e-002  4.076640e-017
    626  1.438110e-015  4.423735e-006  3.009852e-002  3.803585e-017
    627  1.197707e-015  4.141201e-006  2.964818e-002  3.167756e-017
    628  1.221280e-015  4.021943e-006  2.663560e-002  3.230103e-017
    629  1.650162e-015  4.699476e-006  3.144790e-002  4.364432e-017
    630  1.697128e-015  4.459218e-006  2.612351e-002  4.488649e-017
    631  1.804988e-015  4.817268e-006  3.096691e-002  4.773923e-017
    632  1.569216e-015  4.402876e-006  2.719547e-002  4.150340e-017
    633  1.453552e-015  4.483125e-006  3.099431e-002  3.844427e-017
    634  1.343979e-015  4.456122e-006  3.291918e-002  3.554621e-017
    635  2.283396e-015  4.840647e-006  2.483699e-002  6.039240e-017
    636  1.532869e-015  4.297340e-006  2.588594e-002  4.054209e-017
    637  1.101334e-015  4.138729e-006  3.218487e-002  2.912864e-017
    638  2.045072e-015  4.856193e-006  2.799943e-002  5.408908e-017
    639  8.010912e-016  3.751836e-006  3.296246e-002  2.118766e-017
    640  1.528041e-015  4.777035e-006  3.567059e-002  4.041439e-017
    641  7.258564e-016  3.792692e-006  3.758044e-002  1.919781e-017
    642  7.637373e-016  3.792692e-006  3.571648e-002  2.019970e-017
    643  1.386954e-015  4.483125e-006  3.248259e-002  3.668284e-017
    644  8.171624e-016  3.626317e-006  2.917822e-002  2.161272e-017
    645  1.025897e-015  3.604012e-006  2.281524e-002  2.713344e-017
    646  8.536469e-016  3.916433e-006  3.518552e-002  2.257768e-017
    647  1.112869e-015  4.251697e-006  3.453129e-002  2.943372e-017
    648  1.712751e-015  4.544691e-006  2.740241e-002  4.529970e-017
    649  1.331746e-015  4.054490e-006  2.502404e-002  3.522267e-017
    650  1.134192e-015  3.977138e-006  2.773291e-002  2.999768e-017
    651  6.642246e-016  3.419552e-006  3.009974e-002  1.756774e-017
    652  1.231560e-015  4.081612e-006  2.760639e-002  3.257291e-017
    653  9.949107e-016  4.163204e-006  3.626345e-002  2.631389e-017
    654  8.469549e-016  3.667636e-006  2.912516e-002  2.240068e-017
    655  4.656749e-016  3.117224e-006  3.252306e-002  1.231640e-017
    656  1.839043e-015  4.488264e-006  2.458178e-002  4.863992e-017
    657  1.907875e-015  4.488264e-006  2.369492e-002  5.046044e-017
    658  7.563304e-016  3.739588e-006  3.457241e-002  2.000380e-017
    659  5.672006e-016  4.138874e-006  6.250000e-002  1.500160e-017
    660  1.044683e-015  3.945865e-006  2.940441e-002  2.763028e-017
    661  1.627206e-015  4.560488e-006  2.914481e-002  4.303717e-017
    662  1.068937e-015  3.957820e-006  2.899920e-002  2.827177e-017
    663  1.779145e-015  4.729117e-006  2.972343e-002  4.705572e-017
    664  1.193462e-015  4.506372e-006  3.833913e-002  3.156529e-017
    665  1.241426e-015  4.232133e-006  3.053002e-002  3.283385e-017
    666  1.500998e-015  4.617010e-006  3.278479e-002  3.969915e-017
    667  1.965449e-015  4.387137e-006  2.148087e-002  5.198317e-017
    668  1.294616e-015  4.126533e-006  2.713843e-002  3.424066e-017
    669  1.276992e-015  4.325435e-006  3.168628e-002  3.377452e-017
    670  1.073550e-015  3.989156e-006  2.956589e-002  2.839378e-017
    671  1.432425e-015  4.352477e-006  2.878112e-002  3.788549e-017
    672  1.319625e-015  4.478148e-006  3.402631e-002  3.490209e-017
    673  1.635330e-015  4.729117e-006  3.233738e-002  4.325202e-017
    674  1.726372e-015  4.645297e-006  2.903193e-002  4.565996e-017
    675  1.276563e-015  4.307988e-006  3.131493e-002  3.376317e-017
    676  1.447625e-015  4.393701e-006  2.929580e-002  3.828752e-017
    677  2.628175e-016  3.471294e-006  7.957747e-002  6.951127e-018
    678  3.769780e-016  2.943331e-006  3.381984e-002  9.970501e-018
    679  1.504289e-015  4.325435e-006  2.689851e-002  3.978618e-017
    680  1.334576e-015  4.041192e-006  2.472606e-002  3.529754e-017
    681  1.109414e-015  3.936600e-006  2.749415e-002  2.934232e-017
    682  1.496149e-015  4.566346e-006  3.182011e-002  3.957089e-017
    683  2.582037e-015  4.966676e-006  2.372493e-002  6.829101e-017
    684  1.842569e-015  4.924122e-006  3.239908e-002  4.873318e-017
    685  1.000649e-015  3.978833e-006  3.147426e-002  2.646565e-017
    686  1.293977e-015  4.412067e-006  3.318713e-002  3.422376e-017
    687  1.244031e-015  4.276258e-006  3.142899e-002  3.290275e-017
    688  4.468404e-016  2.943331e-006  2.853218e-002  1.181826e-017
    689  1.320648e-015  4.643524e-006  3.790757e-002  3.492916e-017
    690  1.531701e-015  4.643524e-006  3.268428e-002  4.051120e-017
    691  1.198609e-015  4.417283e-006  3.595491e-002  3.170141e-017
    692  1.247595e-015  4.467588e-006  3.573679e-002  3.299701e-017
    693  1.904564e-015  4.800695e-006  2.904602e-002  5.037287e-017
    694  5.077609e-016  3.045436e-006  2.781372e-002  1.342951e-017
    695  1.397945e-015  4.512475e-006  3.286430e-002  3.697355e-017
    696  1.832942e-015  4.782189e-006  2.983331e-002  4.847857e-017
    697  1.895796e-015  4.757473e-006  2.839929e-002  5.014096e-017
    698  1.931123e-015  4.757473e-006  2.787976e-002  5.107531e-017
    699  1.402548e-015  4.344153e-006  2.922588e-002  3.709528e-017
    700  1.585142e-015  4.504651e-006  2.883270e-002  4.192464e-017
    701  1.648789e-015  4.702578e-006  3.153647e-002  4.360799e-017
    702  1.260326e-015  4.501838e-006  3.619567e-002  3.333374e-017
    703  1.660690e-015  4.390037e-006  2.547334e-002  4.392275e-017
    704  6.181884e-016  3.355960e-006  3.057028e-002  1.635016e-017
    705  5.807702e-016  3.355960e-006  3.253988e-002  1.536050e-017
    706  1.258748e-015  4.282678e-006  3.120164e-002  3.329199e-017
    707  1.317555e-015  4.282678e-006  2.980900e-002  3.484735e-017
    708  1.618288e-015  4.739811e-006  3.290012e-002  4.280128e-017
    709  7.662672e-016  3.691086e-006  3.281348e-002  2.026662e-017
    710  2.443713e-015  4.957990e-006  2.493658e-002  6.463253e-017
    711  1.947942e-015  4.920338e-006  3.057586e-002  5.152014e-017
    712  8.529533e-016  4.058500e-006  3.918693e-002  2.255934e-017
    713  4.819131e-016  3.207647e-006  3.424214e-002  1.274588e-017
    714  6.824981e-016  3.615623e-006  3.462726e-002  1.805105e-017
    715  1.218640e-015  4.196013e-006  3.031133e-002  3.223120e-017
    716  3.327676e-016  3.755379e-006  7.957747e-002  8.801204e-018
    717  1.331424e-015  4.249619e-006  2.882064e-002  3.521416e-017
    718  2.282000e-015  4.739811e-006  2.333123e-002  6.035546e-017
    719  9.254393e-016  4.018244e-006  3.505345e-002  2.447648e-017
    720  1.956111e-015  4.957990e-006  3.115255e-002  5.173619e-017
    721  1.173372e-015  4.237461e-006  3.242288e-002  3.103392e-017
    722  2.061691e-015  4.822974e-006  2.720766e-002  5.452864e-017
    723  5.034254e-016  3.113814e-006  2.998562e-002  1.331485e-017
    724  3.310007e-016  2.783078e-006  3.256246e-002  8.754471e-018
    725  6.075952e-016  3.554967e-006  3.697110e-002  1.606998e-017
    726  1.972446e-015  4.474884e-006  2.271486e-002  5.216825e-017
    727  1.196259e-015  4.483281e-006  3.766452e-002  3.163927e-017
    728  1.124369e-015  4.275213e-006  3.474838e-002  2.973787e-017
    729  9.780576e-016  4.026500e-006  3.337249e-002  2.586815e-017
    730  7.297758e-016  3.776127e-006  3.689100e-002  1.930147e-017
    731  2.174920e-015  4.792349e-006  2.530300e-002  5.752336e-017
    732  1.465863e-015  4.402876e-006  2.911294e-002  3.876986e-017
    733  1.615633e-015  4.573005e-006  2.959596e-002  4.273107e-017
    734  7.578006e-016  3.451003e-006  2.711759e-002  2.004269e-017
    735  1.592386e-015  4.840647e-006  3.561491e-002  4.211622e-017
    736  1.722081e-015  4.611246e-006  2.846895e-002  4.554646e-017
    737  1.488826e-015  4.611246e-006  3.292919e-002  3.937720e-017
    738  1.370078e-015  4.497621e-006  3.320270e-002  3.623650e-017
    739  4.926676e-016  3.145174e-006  3.157547e-002  1.303032e-017
    740  5.430693e-016  3.428414e-006  3.710177e-002  1.436337e-017
    741  5.501670e-016  3.409268e-006  3.601296e-002  1.455109e-017
    742  1.386574e-015  4.479391e-006  3.241038e-002  3.667279e-017
    743  2.131224e-015  4.892921e-006  2.748181e-002  5.636768e-017
    744  1.793326e-015  4.892921e-006  3.265993e-002  4.743078e-017
    745  1.125062e-015  4.357934e-006  3.678201e-002  2.975620e-017
    746  1.517028e-015  4.657082e-006  3.329033e-002  4.012311e-017
    747  1.406510e-015  4.657082e-006  3.590615e-002  3.720008e-017
    748  1.486920e-015  4.524707e-006  3.114968e-002  3.932681e-017
    749  1.998933e-016  2.428601e-006  3.582947e-002  5.286876e-018
    750  8.691023e-016  3.721529e-006  2.965263e-002  2.298645e-017
    751  2.812123e-016  2.663535e-006  3.359782e-002  7.437642e-018
    752  1.302886e-015  4.081612e-006  2.609508e-002  3.445938e-017
    753  6.134014e-016  3.344200e-006  3.048611e-002  1.622355e-017
    754  2.006393e-015  4.722714e-006  2.624997e-002  5.306608e-017
    755  3.803515e-016  2.814009e-006  2.929282e-002  1.005973e-017
    756  1.468744e-015  4.311443e-006  2.728297e-002  3.884608e-017
    757  9.421128e-016  4.022797e-006  3.455028e-002  2.491747e-017
    758  1.492452e-015  4.413447e-006  2.880073e-002  3.947311e-017
    759  1.174201e-015  4.138874e-006  3.019077e-002  3.105586e-017
    760  1.981075e-015  4.354750e-006  2.084293e-002  5.239646e-017
    761  1.690247e-015  4.427425e-006  2.567282e-002  4.470450e-017
    762  1.930591e-015  4.805543e-006  2.874135e-002  5.106122e-017
    763  1.177837e-015  4.182953e-006  3.106948e-002  3.115202e-017
    764  8.155297e-016  3.779820e-006  3.310881e-002  2.156954e-017
    765  3.384933e-016  2.849821e-006  3.418791e-002  8.952640e-018
    766  1.575350e-015  4.792849e-006  3.494413e-002  4.166564e-017
    767  2.021509e-015  4.745416e-006  2.643121e-002  5.346588e-017
    768  1.682950e-015  4.745416e-006  3.174839e-002  4.451149e-017
    769  2.438517e-015  4.936013e-006  2.465887e-002  6.449511e-017
    770  1.400983e-015  4.334785e-006  2.906965e-002  3.705391e-017
    771  1.770432e-015  4.427425e-006  2.451007e-002  4.682526e-017
    772  1.525392e-015  4.831549e-006  3.696985e-002  4.034432e-017
    773  1.102741e-016  1.998216e-006  3.617626e-002  2.916585e-018
    774  1.307816e-015  4.279541e-006  2.996505e-002  3.458977e-017
    775  9.459996e-016  3.860210e-006  3.040269e-002  2.502027e-017
    776  1.931973e-015  4.823310e-006  2.904052e-002  5.109780e-017
    777  2.184361e-015  4.937566e-006  2.755399e-002  5.777306e-017
    778  2.107223e-015  4.961983e-006  2.898848e-002  5.573288e-017
    779  4.120036e-016  3.040288e-006  3.410460e-002  1.089688e-017
    780  8.490415e-016  3.452311e-006  2.423097e-002  2.245587e-017
    781  1.770379e-015  4.852808e-006  3.227625e-002  4.682387e-017
    782  2.051157e-015  4.963373e-006  2.980588e-002  5.425001e-017
    783  1.394352e-015  4.603892e-006  3.499233e-002  3.687852e-017
    784  1.441030e-015  4.279541e-006  2.719498e-002  3.811307e-017
    785  1.617914e-015  4.596868e-006  3.001930e-002  4.279141e-017
    786  1.444574e-015  4.596868e-006  3.362145e-002  3.820681e-017
    787  6.633000e-016  3.366440e-006  2.875893e-002  1.754329e-017
    788  1.719515e-015  4.961983e-006  3.552466e-002  4.547859e-017
    789  2.281897e-015  4.940330e-006  2.642055e-002  6.035275e-017
    790  7.647689e-016  3.802568e-006  3.594767e-002  2.022699e-017
    791  1.835508e-015  4.702578e-006  2.832837e-002  4.854644e-017
    792  9.781844e-016  4.963373e-006  6.250000e-002  2.587151e-017
    793  1.333305e-015  4.603892e-006  3.659450e-002  3.526391e-017
    794  1.568026e-015  4.718122e-006  3.349069e-002  4.147194e-017
    795  1.992771e-015  4.958685e-006  3.059229e-002  5.270581e-017
    796  1.648658e-015  4.782189e-006  3.316803e-002  4.360452e-017
    797  8.746719e-016  3.690951e-006  2.874350e-002  2.313376e-017
    798  1.463239e-015  4.522038e-006  3.159785e-002  3.870047e-017
    799  1.529082e-015  4.451328e-006  2.884084e-002  4.044192e-017
    800  1.103442e-015  4.162328e-006  3.267606e-002  2.918437e-017
    801  1.395249e-015  4.450400e-006  3.158752e-002  3.690224e-017
    802  1.415749e-015  4.642074e-006  3.532806e-002  3.744444e-017
    803  1.688699e-015  4.707154e-006  3.088110e-002  4.466356e-017
    804  1.773072e-015  4.551793e-006  2.659446e-002  4.689509e-017
    805  1.742454e-015  4.824150e-006  3.221596e-002  4.608530e-017
    806  2.225520e-015  4.820456e-006  2.516534e-002  5.886165e-017
    807  1.511319e-015  4.277750e-006  2.589763e-002  3.997213e-017
    808  9.055241e-016  3.631803e-006  2.645068e-002  2.394975e-017
    809  1.127796e-015  4.169779e-006  3.214243e-002  2.982850e-017
    810  9.755174e-016  4.958858e-006  6.250000e-002  2.580097e-017
    811  2.142020e-015  4.414214e-006  2.007736e-002  5.665322e-017
    812  1.642449e-015  4.643363e-006  3.047726e-002  4.344031e-017
    813  1.760377e-015  4.707154e-006  2.962370e-002  4.655934e-017
    814  3.392912e-016  2.939092e-006  3.741426e-002  8.973742e-018
    815  1.150784e-015  4.196013e-006  3.209864e-002  3.043652e-017
    816  1.785411e-015  4.592245e-006  2.712107e-002  4.722145e-017
    817  1.408805e-015  4.422352e-006  3.069580e-002  3.726078e-017
    818  1.416305e-015  4.422352e-006  3.053325e-002  3.745914e-017
    819  1.392748e-015  4.469760e-006  3.205901e-002  3.683608e-017
    820  1.871755e-015  4.958858e-006  3.257362e-002  4.950512e-017
    821  1.362428e-015  4.410841e-006  3.149347e-002  3.603418e-017
    822  1.968243e-015  4.762107e-006  2.743397e-002  5.205708e-017
    823  1.361011e-015  4.306787e-006  2.934733e-002  3.599670e-017
    824  1.240495e-015  4.160723e-006  2.903228e-002  3.280924e-017
    825  1.150250e-015  4.276108e-006  3.398786e-002  3.042239e-017
    826  1.356460e-015  4.276108e-006  2.882100e-002  3.587634e-017
    827  1.731488e-015  4.718613e-006  3.033847e-002  4.579526e-017
    828  1.241022e-015  4.385917e-006  3.399162e-002  3.282316e-017
    829  1.361661e-015  4.361271e-006  3.046072e-002  3.601390e-017
    830  2.938171e-016  2.540914e-006  2.791663e-002  7.771022e-018
    831  1.643993e-015  4.410841e-006  2.609962e-002  4.348114e-017
    832  8.413909e-016  3.765608e-006  3.173055e-002  2.225353e-017
    833  2.236882e-015  4.625670e-006  2.212335e-002  5.916217e-017
    834  1.017152e-015  3.987033e-006  3.115542e-002  2.690215e-017
    835  5.297141e-016  3.109774e-006  2.838671e-002  1.401014e-017
    836  1.600287e-015  4.272231e-006  2.436330e-002  4.232520e-017
    837  1.804187e-015  4.718613e-006  2.911599e-002  4.771804e-017
    838  1.354359e-015  4.385917e-006  3.114709e-002  3.582075e-017
    839  1.355403e-015  4.361271e-006  3.060137e-002  3.584837e-017
    840  7.883457e-016  3.708794e-006  3.235574e-002  2.085056e-017
    841  8.328057e-016  3.725326e-006  3.103983e-002  2.202646e-017
    842  1.293961e-015  4.479391e-006  3.473009e-002  3.422332e-017
    843  1.384389e-015  4.625670e-006  3.574669e-002  3.661501e-017
    844  1.564584e-015  4.787349e-006  3.506360e-002  4.138089e-017
    845  4.396822e-016  3.109774e-006  3.419933e-002  1.162894e-017
    846  8.942484e-016  3.988448e-006  3.547511e-002  2.365153e-017
    847  2.269046e-015  4.943268e-006  2.661762e-002  6.001285e-017
    848  1.992839e-015  4.717302e-006  2.633776e-002  5.270760e-017
    849  1.889585e-016  3.109774e-006  7.957747e-002  4.997668e-018
    850  6.972591e-016  3.708794e-006  3.658254e-002  1.844146e-017
    851  2.896833e-016  2.456868e-006  2.559717e-002  7.661687e-018
    852  5.349309e-016  3.104599e-006  2.796978e-002  1.414812e-017
    853  1.171238e-015  4.251549e-006  3.280699e-002  3.097748e-017
    854  1.855192e-015  4.722714e-006  2.838938e-002  4.906705e-017
    855  1.601607e-015  4.580469e-006  3.000156e-002  4.236011e-017
    856  1.044303e-015  3.988448e-006  3.037775e-002  2.762023e-017
    857  1.744237e-015  4.943268e-006  3.462637e-002  4.613245e-017
    858  2.297652e-015  4.717302e-006  2.284373e-002  6.076943e-017
    859  8.671891e-016  3.925388e-006  3.487417e-002  2.293585e-017
    860  1.032055e-015  3.981094e-006  3.056852e-002  2.729631e-017
    861  1.300189e-015  4.432504e-006  3.348967e-002  3.438806e-017
    862  1.294731e-015  4.432504e-006  3.363086e-002  3.424369e-017
    863  1.158060e-015  4.221640e-006  3.248498e-002  3.062894e-017
    864  9.074364e-016  3.779820e-006  2.975549e-002  2.400033e-017
    865  7.221123e-016  3.520731e-006  3.021786e-002  1.909879e-017
    866  1.581526e-015  4.802700e-006  3.502274e-002  4.182898e-017
    867  2.144178e-015  4.526434e-006  2.162608e-002  5.671028e-017
    868  1.594597e-015  4.526434e-006  2.907956e-002  4.217469e-017
    869  1.750791e-015  4.936013e-006  3.434509e-002  4.630579e-017
    870  2.078467e-015  4.913981e-006  2.854482e-002  5.497233e-017
    871  1.364330e-015  4.160577e-006  2.639435e-002  3.608449e-017
    872  1.892780e-015  4.831549e-006  2.979401e-002  5.006119e-017
    873  1.322729e-015  4.396146e-006  3.211556e-002  3.498420e-017
    874  9.896195e-016  3.994112e-006  3.219307e-002  2.617395e-017
    875  1.126564e-015  4.186325e-006  3.256216e-002  2.979591e-017
    876  2.451642e-015  4.838286e-006  2.309871e-002  6.484224e-017
    877  2.067023e-015  4.834916e-006  2.733956e-002  5.466967e-017
    878  1.585730e-015  4.834916e-006  3.563753e-002  4.194018e-017
    879  1.127911e-015  4.080605e-006  3.012097e-002  2.983155e-017
    880  1.131753e-015  4.213526e-006  3.304878e-002  2.993316e-017
    881  2.512681e-015  4.915698e-006  2.363678e-002  6.645664e-017
    882  2.020270e-015  4.826503e-006  2.782649e-002  5.343310e-017
    883  3.620147e-016  2.791116e-006  3.003153e-002  9.574745e-018
    884  2.032090e-015  4.712552e-006  2.575109e-002  5.374573e-017
    885  4.962923e-016  3.185766e-006  3.257422e-002  1.312619e-017
    886  8.394044e-016  3.519808e-006  2.597500e-002  2.220099e-017
    887  1.440550e-015  4.444222e-006  3.046692e-002  3.810040e-017
    888  1.136691e-015  4.073849e-006  2.974010e-002  3.006377e-017
    889  1.806366e-015  4.940330e-006  3.337583e-002  4.777567e-017
    890  3.872835e-016  2.795569e-006  2.820666e-002  1.024307e-017
    891  1.488069e-015  4.915698e-006  3.991191e-002  3.935720e-017
    892  1.243196e-015  4.110892e-006  2.794078e-002  3.288066e-017
    893  1.083340e-015  4.110892e-006  3.206367e-002  2.865272e-017
    894  1.570066e-015  4.551793e-006  3.003306e-002  4.152589e-017
    895  2.082850e-015  4.958685e-006  2.926924e-002  5.508825e-017
    896  1.456506e-015  4.744756e-006  3.666903e-002  3.852240e-017
    897  1.532039e-015  4.444222e-006  2.864754e-002  4.052013e-017
    898  7.400326e-016  3.748432e-006  3.558508e-002  1.957275e-017
    899  1.251728e-015  4.169779e-006  2.896005e-002  3.310632e-017
    900  1.965319e-015  4.688554e-006  2.622128e-002  5.197974e-017
    901  5.800173e-016  3.356736e-006  3.260473e-002  1.534059e-017
    902  9.332532e-016  3.807237e-006  2.956653e-002  2.468315e-017
    903  2.006003e-015  4.816094e-006  2.784346e-002  5.305576e-017
    904  8.843811e-016  4.799358e-006  6.250000e-002  2.339055e-017
    905  1.751175e-015  4.824150e-006  3.205552e-002  4.631596e-017
    906  1.518548e-015  4.670520e-006  3.354571e-002  4.016332e-017
    907  3.248318e-016  2.776773e-006  3.295586e-002  8.591314e-018
    908  1.080465e-015  4.026073e-006  3.019981e-002  2.857667e-017
    909  5.709102e-016  3.362816e-006  3.330516e-002  1.509972e-017
    910  1.138922e-015  4.381496e-006  3.692693e-002  3.012278e-017
    911  2.114770e-015  4.807885e-006  2.627659e-002  5.593249e-017
    912  1.685343e-015  4.807885e-006  3.297190e-002  4.457478e-017
    913  1.849079e-015  4.816094e-006  3.020643e-002  4.890535e-017
    914  1.192639e-015  3.870748e-006  2.431340e-002  3.154351e-017
    915  1.085487e-015  3.873663e-006  2.677384e-002  2.870951e-017
    916  1.724444e-015  4.857378e-006  3.322972e-002  4.560894e-017
    917  1.336536e-015  3.985194e-006  2.367761e-002  3.534937e-017
    918  8.389186e-016  3.799000e-006  3.267819e-002  2.218814e-017
    919  2.039092e-015  4.923433e-006  2.926425e-002  5.393092e-017
    920  2.377277e-015  4.923433e-006  2.510119e-002  6.287542e-017
    921  1.124679e-015  4.275362e-006  3.474243e-002  2.974608e-017
    922  1.313976e-015  4.343245e-006  3.117638e-002  3.475269e-017
    923  1.295654e-015  4.107566e-006  2.674451e-002  3.426811e-017
    924  7.737326e-016  3.578585e-006  2.961510e-002  2.046406e-017
    925  8.732815e-016  3.815210e-006  3.179590e-002  2.309698e-017
    926  1.806278e-015  4.857378e-006  3.172423e-002  4.777335e-017
    927  6.929398e-016  3.660643e-006  3.539538e-002  1.832722e-017
    928  8.986396e-016  3.854533e-006  3.186397e-002  2.376767e-017
    929  1.498167e-015  4.605330e-006  3.259808e-002  3.962427e-017
    930  1.982242e-015  4.920338e-006  3.004679e-002  5.242732e-017
    931  1.958411e-015  4.966154e-006  3.126992e-002  5.179703e-017
    932  2.193815e-015  4.966154e-006  2.791455e-002  5.802311e-017
    933  1.745811e-015  4.780692e-006  3.129285e-002  4.617407e-017
    934  2.016578e-015  4.780692e-006  2.709114e-002  5.333545e-017
    935  4.411328e-016  4.125372e-006  7.957747e-002  1.166730e-017
    936  1.349985e-015  4.440210e-006  3.242288e-002  3.570507e-017
    937  7.719473e-016  3.585898e-006  2.986594e-002  2.041685e-017
    938  1.807757e-015  4.868399e-006  3.191454e-002  4.781246e-017
    939  3.410469e-016  2.743669e-006  3.027965e-002  9.020177e-018
    940  1.718754e-015  4.740635e-006  3.099316e-002  4.545847e-017
    941  8.779998e-016  3.582972e-006  2.619424e-002  2.322178e-017
    942  1.796168e-015  4.332974e-006  2.264547e-002  4.750594e-017
    943  5.070357e-016  3.315446e-006  3.593830e-002  1.341033e-017
    944  1.425597e-015  4.688717e-006  3.615225e-002  3.770490e-017
    945  1.694610e-015  4.794017e-006  3.250865e-002  4.481988e-017
    946  1.184028e-015  4.440210e-006  3.696737e-002  3.131576e-017
    947  1.063064e-015  4.300037e-006  3.739619e-002  2.811644e-017
    948  2.649524e-016  2.589221e-006  3.275741e-002  7.007593e-018
    949  3.646742e-016  2.593648e-006  2.392202e-002  9.645085e-018
    950  1.285021e-015  4.233760e-006  2.952830e-002  3.398688e-017
    951  4.875089e-016  3.321757e-006  3.759162e-002  1.289388e-017
    952  7.425236e-016  3.467887e-006  2.808372e-002  1.963863e-017
    953  1.380085e-015  4.290003e-006  2.860468e-002  3.650117e-017
    954  9.507943e-016  3.761105e-006  2.797886e-002  2.514708e-017
    955  6.126969e-016  3.502156e-006  3.505345e-002  1.620491e-017
    956  1.626847e-015  4.691649e-006  3.173947e-002  4.302767e-017
    957  1.726249e-015  4.634669e-006  2.883518e-002  4.565669e-017
    958  1.167696e-015  4.024648e-006  2.791413e-002  3.088380e-017
    959  1.181630e-015  4.024648e-006  2.758496e-002  3.125233e-017
    960  1.389129e-015  4.450246e-006  3.172336e-002  3.674039e-017
    961  1.294680e-015  4.066241e-006  2.596492e-002  3.424234e-017
    962  1.060601e-015  4.066241e-006  3.169548e-002  2.805130e-017
    963  1.753013e-015  4.719597e-006  2.998470e-002  4.636456e-017
    964  1.304942e-015  4.324079e-006  3.097845e-002  3.451376e-017
    965  8.035704e-016  3.639170e-006  2.998838e-002  2.125323e-017
    966  1.564326e-015  4.557640e-006  3.025959e-002  4.137406e-017
    967  1.850636e-015  4.956776e-006  3.290386e-002  4.894654e-017
    968  2.473518e-015  4.956776e-006  2.461801e-002  6.542082e-017
    969  6.708303e-016  3.469722e-006  3.113445e-002  1.774245e-017
    970  8.845447e-016  3.783104e-006  3.060518e-002  2.339488e-017
    971  1.355480e-015  4.226958e-006  2.785869e-002  3.585040e-017
    972  1.684547e-015  4.828016e-006  3.340358e-002  4.455373e-017
    973  1.554688e-015  4.719597e-006  3.380971e-002  4.111917e-017
    974  5.812409e-016  2.974787e-006  2.264547e-002  1.537295e-017
    975  8.723055e-016  3.767793e-006  3.065931e-002  2.307117e-017
    976  1.747593e-015  4.838286e-006  3.240443e-002  4.622121e-017
    977  6.436649e-016  3.304638e-006  2.803380e-002  1.702397e-017
    978  1.156299e-015  4.138438e-006  3.064850e-002  3.058238e-017
    979  1.493137e-015  4.431888e-006  2.914988e-002  3.949123e-017
    980  1.067487e-015  4.041620e-006  3.092245e-002  2.823343e-017
    981  1.485443e-015  4.588263e-006  3.251315e-002  3.928773e-017
    982  2.171238e-015  4.812406e-006  2.566548e-002  5.742599e-017
    983  1.987117e-015  4.812406e-006  2.804358e-002  5.255625e-017
    984  1.922619e-015  4.722057e-006  2.738234e-002  5.085038e-017
    985  5.828426e-016  3.163295e-006  2.715424e-002  1.541531e-017
    986  1.602393e-015  4.460767e-006  2.769679e-002  4.238090e-017
    987  1.966454e-016  2.410531e-006  3.561429e-002  5.200974e-018
    988  1.356601e-015  4.445765e-006  3.238600e-002  3.588007e-017
    989  1.284313e-015  4.509344e-006  3.569763e-002  3.396815e-017
    990  1.187690e-015  4.291799e-006  3.328014e-002  3.141261e-017
    991  2.580414e-016  2.477388e-006  2.946205e-002  6.824807e-018
    992  9.359816e-016  3.670596e-006  2.641877e-002  2.475531e-017
    993  1.274579e-015  4.231541e-006  2.972343e-002  3.371070e-017
    994  2.012905e-015  4.792015e-006  2.733388e-002  5.323831e-017
    995  1.983425e-015  4.813579e-006  2.811633e-002  5.245860e-017
    996  1.333550e-015  4.460767e-006  3.328047e-002  3.527039e-017
    997  1.524444e-015  4.806881e-006  3.642911e-002  4.031926e-017
    998  1.631147e-015  4.845034e-006  3.486322e-002  4.314139e-017
    999  1.418939e-015  4.536341e-006  3.289450e-002  3.752880e-017
   1000  1.654449e-015  4.688554e-006  3.114824e-002  4.375769e-017
