      1  9.668925e-009  1.154515e-003  7.957747e-002  0.000000e+000
      2  1.287206e-008  1.270056e-003  7.957747e-002  0.000000e+000
      3  4.288551e-009  8.804612e-004  7.957747e-002  0.000000e+000
      4  7.576609e-009  1.064384e-003  7.957747e-002  0.000000e+000
      5  2.464776e-008  1.577124e-003  7.957747e-002  0.000000e+000
      6  7.202535e-009  1.046571e-003  7.957747e-002  0.000000e+000
      7  1.054053e-008  1.188213e-003  7.957747e-002  0.000000e+000
      8  1.386709e-008  1.301972e-003  7.957747e-002  0.000000e+000
      9  1.511849e-008  1.340014e-003  7.957747e-002  0.000000e+000
     10  1.420889e-008  1.312583e-003  7.957747e-002  0.000000e+000
     11  2.005706e-008  1.472411e-003  7.957747e-002  0.000000e+000
     12  4.143755e-009  8.704384e-004  7.957747e-002  0.000000e+000
     13  9.045209e-009  1.129136e-003  7.957747e-002  0.000000e+000
     14  8.659743e-009  1.112863e-003  7.957747e-002  0.000000e+000
     15  1.735825e-008  1.403165e-003  7.957747e-002  0.000000e+000
     16  2.204969e-008  1.519640e-003  7.957747e-002  0.000000e+000
     17  1.514851e-008  1.340901e-003  7.957747e-002  0.000000e+000
     18  1.138488e-008  1.219129e-003  7.957747e-002  0.000000e+000
     19  4.578402e-009  8.998664e-004  7.957747e-002  0.000000e+000
     20  6.947092e-009  1.034049e-003  7.957747e-002  0.000000e+000
     21  7.461381e-009  1.058961e-003  7.957747e-002  0.000000e+000
     22  7.072130e-009  1.040216e-003  7.957747e-002  0.000000e+000
     23  9.131327e-009  1.132708e-003  7.957747e-002  0.000000e+000
     24  9.946401e-009  1.165455e-003  7.957747e-002  0.000000e+000
     25  1.028793e-008  1.178644e-003  7.957747e-002  0.000000e+000
     26  1.328631e-008  1.283536e-003  7.957747e-002  0.000000e+000
     27  1.131959e-008  1.216794e-003  7.957747e-002  0.000000e+000
     28  1.465629e-008  1.326217e-003  7.957747e-002  0.000000e+000
     29  1.924942e-008  1.452377e-003  7.957747e-002  0.000000e+000
     30  3.817524e-009  8.469686e-004  7.957747e-002  0.000000e+000
     31  1.059433e-008  1.190231e-003  7.957747e-002  0.000000e+000
     32  8.635018e-009  1.111803e-003  7.957747e-002  0.000000e+000
     33  1.037277e-008  1.181875e-003  7.957747e-002  0.000000e+000
     34  8.775194e-009  1.117787e-003  7.957747e-002  0.000000e+000
     35  5.966814e-009  9.829261e-004  7.957747e-002  0.000000e+000
     36  3.655517e-009  8.348139e-004  7.957747e-002  0.000000e+000
     37  8.241556e-009  1.094653e-003  7.957747e-002  0.000000e+000
     38  1.051490e-008  1.187249e-003  7.957747e-002  0.000000e+000
     39  1.414735e-008  1.310685e-003  7.957747e-002  0.000000e+000
     40  7.679049e-009  1.069160e-003  7.957747e-002  0.000000e+000
     41  1.629609e-008  1.373940e-003  7.957747e-002  0.000000e+000
     42  2.356122e-008  1.553600e-003  7.957747e-002  0.000000e+000
     43  7.965399e-009  1.082287e-003  7.957747e-002  0.000000e+000
     44  1.395865e-008  1.304832e-003  7.957747e-002  0.000000e+000
     45  1.012584e-008  1.172421e-003  7.957747e-002  0.000000e+000
     46  1.234725e-008  1.252555e-003  7.957747e-002  0.000000e+000
     47  3.397380e-008  1.755179e-003  7.957747e-002  0.000000e+000
     48  1.931045e-008  1.453910e-003  7.957747e-002  0.000000e+000
     49  7.492423e-009  1.060427e-003  7.957747e-002  0.000000e+000
     50  9.868192e-009  1.162392e-003  7.957747e-002  0.000000e+000
     51  1.453468e-008  1.322539e-003  7.957747e-002  0.000000e+000
     52  1.233750e-008  1.252225e-003  7.957747e-002  0.000000e+000
     53  1.534640e-008  1.346715e-003  7.957747e-002  0.000000e+000
     54  1.773667e-008  1.413288e-003  7.957747e-002  0.000000e+000
     55  1.158083e-008  1.226083e-003  7.957747e-002  0.000000e+000
     56  5.206134e-009  9.392441e-004  7.957747e-002  0.000000e+000
     57  1.073458e-008  1.195460e-003  7.957747e-002  0.000000e+000
     58  8.773361e-009  1.117709e-003  7.957747e-002  0.000000e+000
     59  9.370687e-009  1.142520e-003  7.957747e-002  0.000000e+000
     60  1.028410e-008  1.178498e-003  7.957747e-002  0.000000e+000
     61  1.693223e-008  1.391590e-003  7.957747e-002  0.000000e+000
     62  1.276578e-008  1.266551e-003  7.957747e-002  0.000000e+000
     63  5.324743e-009  9.463234e-004  7.957747e-002  0.000000e+000
     64  1.845864e-008  1.432210e-003  7.957747e-002  0.000000e+000
     65  1.363245e-008  1.294587e-003  7.957747e-002  0.000000e+000
     66  1.043769e-008  1.184336e-003  7.957747e-002  0.000000e+000
     67  1.779818e-008  1.414920e-003  7.957747e-002  0.000000e+000
     68  7.290794e-009  1.050828e-003  7.957747e-002  0.000000e+000
     69  6.161825e-009  9.935197e-004  7.957747e-002  0.000000e+000
     70  2.197841e-008  1.518001e-003  7.957747e-002  0.000000e+000
     71  2.095383e-008  1.494036e-003  7.957747e-002  0.000000e+000
     72  1.326411e-008  1.282821e-003  7.957747e-002  0.000000e+000
     73  7.003335e-009  1.036832e-003  7.957747e-002  0.000000e+000
     74  5.941781e-009  9.815496e-004  7.957747e-002  0.000000e+000
     75  6.208768e-009  9.960364e-004  7.957747e-002  0.000000e+000
     76  1.957290e-008  1.460467e-003  7.957747e-002  0.000000e+000
     77  1.250480e-008  1.257860e-003  7.957747e-002  0.000000e+000
     78  1.679829e-008  1.387911e-003  7.957747e-002  0.000000e+000
     79  1.529370e-008  1.345171e-003  7.957747e-002  0.000000e+000
     80  3.670155e-009  8.359266e-004  7.957747e-002  0.000000e+000
     81  1.814178e-008  1.423967e-003  7.957747e-002  0.000000e+000
     82  2.538045e-008  1.592599e-003  7.957747e-002  0.000000e+000
     83  9.234677e-009  1.136965e-003  7.957747e-002  0.000000e+000
     84  1.229965e-008  1.250943e-003  7.957747e-002  0.000000e+000
     85  8.644175e-009  1.112196e-003  7.957747e-002  0.000000e+000
     86  1.170820e-008  1.230562e-003  7.957747e-002  0.000000e+000
     87  8.616706e-009  1.111016e-003  7.957747e-002  0.000000e+000
     88  1.165599e-008  1.228730e-003  7.957747e-002  0.000000e+000
     89  8.599312e-009  1.110268e-003  7.957747e-002  0.000000e+000
     90  1.433887e-008  1.316573e-003  7.957747e-002  0.000000e+000
     91  5.902820e-009  9.793995e-004  7.957747e-002  0.000000e+000
     92  9.646502e-009  1.153621e-003  7.957747e-002  0.000000e+000
     93  9.815548e-009  1.160321e-003  7.957747e-002  0.000000e+000
     94  4.351603e-009  8.847552e-004  7.957747e-002  0.000000e+000
     95  1.580315e-008  1.359945e-003  7.957747e-002  0.000000e+000
     96  4.730753e-009  9.097390e-004  7.957747e-002  0.000000e+000
     97  1.409309e-008  1.309007e-003  7.957747e-002  0.000000e+000
     98  1.280167e-008  1.267736e-003  7.957747e-002  0.000000e+000
     99  1.612093e-008  1.369000e-003  7.957747e-002  0.000000e+000
    100  9.508559e-009  1.148096e-003  7.957747e-002  0.000000e+000
    101  1.471832e-008  1.328086e-003  7.957747e-002  0.000000e+000
    102  2.262857e-008  1.532824e-003  7.957747e-002  0.000000e+000
    103  2.297634e-008  1.540637e-003  7.957747e-002  0.000000e+000
    104  4.704065e-009  9.080250e-004  7.957747e-002  0.000000e+000
    105  1.395120e-008  1.304600e-003  7.957747e-002  0.000000e+000
    106  1.121786e-008  1.213138e-003  7.957747e-002  0.000000e+000
    107  1.731608e-008  1.402028e-003  7.957747e-002  0.000000e+000
    108  1.393507e-008  1.304097e-003  7.957747e-002  0.000000e+000
    109  1.382098e-008  1.300528e-003  7.957747e-002  0.000000e+000
    110  5.672736e-009  9.665053e-004  7.957747e-002  0.000000e+000
    111  4.754824e-009  9.112793e-004  7.957747e-002  0.000000e+000
    112  1.530436e-008  1.345484e-003  7.957747e-002  0.000000e+000
    113  1.121837e-008  1.213156e-003  7.957747e-002  0.000000e+000
    114  1.192363e-008  1.238063e-003  7.957747e-002  0.000000e+000
    115  1.511082e-008  1.339788e-003  7.957747e-002  0.000000e+000
    116  9.045209e-009  1.129136e-003  7.957747e-002  0.000000e+000
    117  1.006841e-008  1.170201e-003  7.957747e-002  0.000000e+000
    118  6.794534e-009  1.026424e-003  7.957747e-002  0.000000e+000
    119  5.369481e-009  9.489664e-004  7.957747e-002  0.000000e+000
    120  9.832459e-009  1.160987e-003  7.957747e-002  0.000000e+000
    121  1.083012e-008  1.198996e-003  7.957747e-002  0.000000e+000
    122  3.064339e-008  1.695843e-003  7.957747e-002  0.000000e+000
    123  9.462545e-009  1.146241e-003  7.957747e-002  0.000000e+000
    124  1.364754e-008  1.295065e-003  7.957747e-002  0.000000e+000
    125  7.793672e-009  1.074453e-003  7.957747e-002  0.000000e+000
    126  1.465762e-008  1.326257e-003  7.957747e-002  0.000000e+000
    127  1.151115e-008  1.223619e-003  7.957747e-002  0.000000e+000
    128  6.650235e-009  1.019105e-003  7.957747e-002  0.000000e+000
    129  3.812668e-009  8.466093e-004  7.957747e-002  0.000000e+000
    130  2.157221e-008  1.508591e-003  7.957747e-002  0.000000e+000
    131  8.333050e-009  1.098689e-003  7.957747e-002  0.000000e+000
    132  7.266541e-009  1.049662e-003  7.957747e-002  0.000000e+000
    133  8.684472e-009  1.113921e-003  7.957747e-002  0.000000e+000
    134  1.706574e-008  1.395238e-003  7.957747e-002  0.000000e+000
    135  1.383940e-008  1.301105e-003  7.957747e-002  0.000000e+000
    136  1.831836e-008  1.428572e-003  7.957747e-002  0.000000e+000
    137  9.663318e-009  1.154291e-003  7.957747e-002  0.000000e+000
    138  1.274173e-008  1.265755e-003  7.957747e-002  0.000000e+000
    139  2.949244e-008  1.674340e-003  7.957747e-002  0.000000e+000
    140  6.814569e-009  1.027431e-003  7.957747e-002  0.000000e+000
    141  1.880633e-008  1.441146e-003  7.957747e-002  0.000000e+000
    142  1.889661e-008  1.443449e-003  7.957747e-002  0.000000e+000
    143  9.985118e-009  1.166965e-003  7.957747e-002  0.000000e+000
    144  1.695362e-008  1.392176e-003  7.957747e-002  0.000000e+000
    145  7.600165e-009  1.065486e-003  7.957747e-002  0.000000e+000
    146  3.533979e-009  8.254575e-004  7.957747e-002  0.000000e+000
    147  1.763364e-008  1.410546e-003  7.957747e-002  0.000000e+000
    148  8.460213e-009  1.104249e-003  7.957747e-002  0.000000e+000
    149  1.401160e-008  1.306480e-003  7.957747e-002  0.000000e+000
    150  1.352325e-008  1.291121e-003  7.957747e-002  0.000000e+000
    151  8.511908e-009  1.106494e-003  7.957747e-002  0.000000e+000
    152  7.555812e-009  1.063409e-003  7.957747e-002  0.000000e+000
    153  6.594266e-009  1.016238e-003  7.957747e-002  0.000000e+000
    154  6.334157e-009  1.002697e-003  7.957747e-002  0.000000e+000
    155  7.049537e-009  1.039107e-003  7.957747e-002  0.000000e+000
    156  1.027024e-008  1.177968e-003  7.957747e-002  0.000000e+000
    157  7.285665e-009  1.050582e-003  7.957747e-002  0.000000e+000
    158  1.225275e-008  1.249351e-003  7.957747e-002  0.000000e+000
    159  1.745508e-008  1.405769e-003  7.957747e-002  0.000000e+000
    160  2.449161e-008  1.573787e-003  7.957747e-002  0.000000e+000
    161  6.607795e-009  1.016933e-003  7.957747e-002  0.000000e+000
    162  2.994363e-008  1.682835e-003  7.957747e-002  0.000000e+000
    163  1.013914e-008  1.172935e-003  7.957747e-002  0.000000e+000
    164  1.678736e-008  1.387610e-003  7.957747e-002  0.000000e+000
    165  2.488956e-008  1.582265e-003  7.957747e-002  0.000000e+000
    166  1.629609e-008  1.373940e-003  7.957747e-002  0.000000e+000
    167  2.381107e-009  7.236575e-004  7.957747e-002  0.000000e+000
    168  1.400411e-008  1.306247e-003  7.957747e-002  0.000000e+000
    169  1.488567e-008  1.333100e-003  7.957747e-002  0.000000e+000
    170  1.161837e-008  1.227406e-003  7.957747e-002  0.000000e+000
    171  6.912035e-009  1.032307e-003  7.957747e-002  0.000000e+000
    172  2.481576e-008  1.580699e-003  7.957747e-002  0.000000e+000
    173  1.484695e-008  1.331943e-003  7.957747e-002  0.000000e+000
    174  2.915033e-008  1.667841e-003  7.957747e-002  0.000000e+000
    175  4.122019e-009  8.689138e-004  7.957747e-002  0.000000e+000
    176  2.102247e-008  1.495666e-003  7.957747e-002  0.000000e+000
    177  2.224004e-008  1.524001e-003  7.957747e-002  0.000000e+000
    178  1.767376e-008  1.411615e-003  7.957747e-002  0.000000e+000
    179  9.408702e-009  1.144063e-003  7.957747e-002  0.000000e+000
    180  3.085885e-009  7.889811e-004  7.957747e-002  0.000000e+000
    181  2.229794e-009  7.079919e-004  7.957747e-002  0.000000e+000
    182  1.164258e-008  1.228259e-003  7.957747e-002  0.000000e+000
    183  1.033199e-008  1.180324e-003  7.957747e-002  0.000000e+000
    184  7.794591e-009  1.074495e-003  7.957747e-002  0.000000e+000
    185  1.373057e-008  1.297686e-003  7.957747e-002  0.000000e+000
    186  1.243479e-008  1.255508e-003  7.957747e-002  0.000000e+000
    187  1.000119e-008  1.167591e-003  7.957747e-002  0.000000e+000
    188  8.558122e-009  1.108493e-003  7.957747e-002  0.000000e+000
    189  1.161168e-008  1.227171e-003  7.957747e-002  0.000000e+000
    190  1.811504e-008  1.423267e-003  7.957747e-002  0.000000e+000
    191  2.805860e-008  1.646754e-003  7.957747e-002  0.000000e+000
    192  1.869257e-008  1.438235e-003  7.957747e-002  0.000000e+000
    193  8.508706e-009  1.106355e-003  7.957747e-002  0.000000e+000
    194  2.366298e-008  1.555834e-003  7.957747e-002  0.000000e+000
    195  1.339560e-008  1.287046e-003  7.957747e-002  0.000000e+000
    196  6.126734e-009  9.916302e-004  7.957747e-002  0.000000e+000
    197  1.512825e-008  1.340303e-003  7.957747e-002  0.000000e+000
    198  4.118382e-009  8.686582e-004  7.957747e-002  0.000000e+000
    199  4.849284e-009  9.172743e-004  7.957747e-002  0.000000e+000
    200  5.736875e-009  9.701342e-004  7.957747e-002  0.000000e+000
    201  1.278371e-008  1.267143e-003  7.957747e-002  0.000000e+000
    202  2.038725e-008  1.480447e-003  7.957747e-002  0.000000e+000
    203  1.165186e-008  1.228585e-003  7.957747e-002  0.000000e+000
    204  1.095975e-008  1.203761e-003  7.957747e-002  0.000000e+000
    205  4.823266e-009  9.156309e-004  7.957747e-002  0.000000e+000
    206  1.462906e-008  1.325396e-003  7.957747e-002  0.000000e+000
    207  1.092763e-008  1.202584e-003  7.957747e-002  0.000000e+000
    208  9.945457e-009  1.165418e-003  7.957747e-002  0.000000e+000
    209  4.751745e-009  9.110826e-004  7.957747e-002  0.000000e+000
    210  1.357352e-008  1.292719e-003  7.957747e-002  0.000000e+000
    211  1.680670e-008  1.388143e-003  7.957747e-002  0.000000e+000
    212  7.901168e-009  1.079370e-003  7.957747e-002  0.000000e+000
    213  1.939768e-008  1.456096e-003  7.957747e-002  0.000000e+000
    214  1.323031e-008  1.281730e-003  7.957747e-002  0.000000e+000
    215  4.746197e-009  9.107279e-004  7.957747e-002  0.000000e+000
    216  9.373931e-009  1.142652e-003  7.957747e-002  0.000000e+000
    217  1.699485e-008  1.393304e-003  7.957747e-002  0.000000e+000
    218  2.575635e-008  1.600423e-003  7.957747e-002  0.000000e+000
    219  8.321157e-009  1.098166e-003  7.957747e-002  0.000000e+000
    220  3.103334e-009  7.904654e-004  7.957747e-002  0.000000e+000
    221  1.440545e-008  1.318608e-003  7.957747e-002  0.000000e+000
    222  1.175021e-008  1.232032e-003  7.957747e-002  0.000000e+000
    223  1.260501e-008  1.261211e-003  7.957747e-002  0.000000e+000
    224  4.664675e-009  9.054834e-004  7.957747e-002  0.000000e+000
    225  1.114072e-008  1.210351e-003  7.957747e-002  0.000000e+000
    226  7.871786e-009  1.078031e-003  7.957747e-002  0.000000e+000
    227  3.146091e-008  1.710792e-003  7.957747e-002  0.000000e+000
    228  1.928967e-008  1.453388e-003  7.957747e-002  0.000000e+000
    229  5.161908e-009  9.365769e-004  7.957747e-002  0.000000e+000
    230  2.224179e-008  1.524041e-003  7.957747e-002  0.000000e+000
    231  3.777592e-009  8.440051e-004  7.957747e-002  0.000000e+000
    232  1.270992e-008  1.264700e-003  7.957747e-002  0.000000e+000
    233  3.023945e-008  1.688358e-003  7.957747e-002  0.000000e+000
    234  1.466560e-008  1.326498e-003  7.957747e-002  0.000000e+000
    235  1.195783e-008  1.239246e-003  7.957747e-002  0.000000e+000
    236  1.400973e-008  1.306421e-003  7.957747e-002  0.000000e+000
    237  7.809303e-009  1.075171e-003  7.957747e-002  0.000000e+000
    238  3.028587e-008  1.689222e-003  7.957747e-002  0.000000e+000
    239  7.045770e-009  1.038922e-003  7.957747e-002  0.000000e+000
    240  1.044588e-008  1.184646e-003  7.957747e-002  0.000000e+000
    241  8.048821e-009  1.086052e-003  7.957747e-002  0.000000e+000
    242  1.795841e-008  1.419154e-003  7.957747e-002  0.000000e+000
    243  2.024519e-008  1.477000e-003  7.957747e-002  0.000000e+000
    244  5.031230e-009  9.286059e-004  7.957747e-002  0.000000e+000
    245  1.970467e-008  1.463737e-003  7.957747e-002  0.000000e+000
    246  1.255811e-008  1.259645e-003  7.957747e-002  0.000000e+000
    247  2.731996e-008  1.632175e-003  7.957747e-002  0.000000e+000
    248  6.888311e-009  1.031124e-003  7.957747e-002  0.000000e+000
    249  1.031522e-008  1.179685e-003  7.957747e-002  0.000000e+000
    250  1.345242e-008  1.288863e-003  7.957747e-002  0.000000e+000
    251  1.855115e-008  1.434598e-003  7.957747e-002  0.000000e+000
    252  1.113423e-008  1.210115e-003  7.957747e-002  0.000000e+000
    253  1.280223e-008  1.267755e-003  7.957747e-002  0.000000e+000
    254  1.638139e-008  1.376333e-003  7.957747e-002  0.000000e+000
    255  6.558934e-009  1.014420e-003  7.957747e-002  0.000000e+000
    256  1.417078e-008  1.311408e-003  7.957747e-002  0.000000e+000
    257  1.338793e-008  1.286800e-003  7.957747e-002  0.000000e+000
    258  3.602216e-009  8.307365e-004  7.957747e-002  0.000000e+000
    259  7.583076e-009  1.064687e-003  7.957747e-002  0.000000e+000
    260  1.025256e-008  1.177292e-003  7.957747e-002  0.000000e+000
    261  3.507362e-009  8.233799e-004  7.957747e-002  0.000000e+000
    262  1.069406e-008  1.193954e-003  7.957747e-002  0.000000e+000
    263  5.306427e-009  9.452371e-004  7.957747e-002  0.000000e+000
    264  2.684400e-008  1.622641e-003  7.957747e-002  0.000000e+000
    265  1.391710e-008  1.303536e-003  7.957747e-002  0.000000e+000
    266  1.047578e-008  1.185775e-003  7.957747e-002  0.000000e+000
    267  1.128074e-008  1.215400e-003  7.957747e-002  0.000000e+000
    268  1.153110e-008  1.224326e-003  7.957747e-002  0.000000e+000
    269  1.785920e-008  1.416535e-003  7.957747e-002  0.000000e+000
    270  2.472990e-008  1.578874e-003  7.957747e-002  0.000000e+000
    271  2.490548e-008  1.582602e-003  7.957747e-002  0.000000e+000
    272  1.737356e-008  1.403577e-003  7.957747e-002  0.000000e+000
    273  1.927584e-008  1.453041e-003  7.957747e-002  0.000000e+000
    274  4.669069e-009  9.057677e-004  7.957747e-002  0.000000e+000
    275  6.477285e-009  1.010193e-003  7.957747e-002  0.000000e+000
    276  1.592252e-008  1.363360e-003  7.957747e-002  0.000000e+000
    277  4.240507e-009  8.771610e-004  7.957747e-002  0.000000e+000
    278  4.188215e-009  8.735405e-004  7.957747e-002  0.000000e+000
    279  2.075608e-008  1.489322e-003  7.957747e-002  0.000000e+000
    280  5.690136e-009  9.674925e-004  7.957747e-002  0.000000e+000
    281  8.173830e-009  1.091646e-003  7.957747e-002  0.000000e+000
    282  8.217763e-009  1.093599e-003  7.957747e-002  0.000000e+000
    283  1.123343e-008  1.213699e-003  7.957747e-002  0.000000e+000
    284  2.108884e-008  1.497238e-003  7.957747e-002  0.000000e+000
    285  1.161065e-008  1.227135e-003  7.957747e-002  0.000000e+000
    286  1.137423e-008  1.218748e-003  7.957747e-002  0.000000e+000
    287  1.164671e-008  1.228404e-003  7.957747e-002  0.000000e+000
    288  6.819813e-009  1.027695e-003  7.957747e-002  0.000000e+000
    289  1.060840e-008  1.190758e-003  7.957747e-002  0.000000e+000
    290  1.514991e-008  1.340942e-003  7.957747e-002  0.000000e+000
    291  1.550051e-008  1.351207e-003  7.957747e-002  0.000000e+000
    292  1.724923e-008  1.400221e-003  7.957747e-002  0.000000e+000
    293  1.479489e-008  1.330385e-003  7.957747e-002  0.000000e+000
    294  1.972788e-008  1.464312e-003  7.957747e-002  0.000000e+000
    295  1.407800e-008  1.308540e-003  7.957747e-002  0.000000e+000
    296  2.725107e-009  7.569512e-004  7.957747e-002  0.000000e+000
    297  5.811425e-009  9.743184e-004  7.957747e-002  0.000000e+000
    298  5.948940e-009  9.819437e-004  7.957747e-002  0.000000e+000
    299  7.062719e-009  1.039754e-003  7.957747e-002  0.000000e+000
    300  8.996452e-009  1.127104e-003  7.957747e-002  0.000000e+000
    301  1.300836e-008  1.274523e-003  7.957747e-002  0.000000e+000
    302  1.219315e-008  1.247322e-003  7.957747e-002  0.000000e+000
    303  9.559756e-009  1.150153e-003  7.957747e-002  0.000000e+000
    304  2.617335e-008  1.609014e-003  7.957747e-002  0.000000e+000
    305  2.369141e-008  1.556457e-003  7.957747e-002  0.000000e+000
    306  1.466161e-008  1.326378e-003  7.957747e-002  0.000000e+000
    307  1.841228e-008  1.431010e-003  7.957747e-002  0.000000e+000
    308  1.362040e-008  1.294206e-003  7.957747e-002  0.000000e+000
    309  1.958969e-008  1.460885e-003  7.957747e-002  0.000000e+000
    310  1.508855e-008  1.339129e-003  7.957747e-002  0.000000e+000
    311  1.534426e-008  1.346652e-003  7.957747e-002  0.000000e+000
    312  7.230586e-009  1.047927e-003  7.957747e-002  0.000000e+000
    313  2.009430e-008  1.473322e-003  7.957747e-002  0.000000e+000
    314  6.776387e-009  1.025509e-003  7.957747e-002  0.000000e+000
    315  1.038189e-008  1.182222e-003  7.957747e-002  0.000000e+000
    316  1.313756e-008  1.278728e-003  7.957747e-002  0.000000e+000
    317  3.922178e-009  8.546385e-004  7.957747e-002  0.000000e+000
    318  1.693052e-008  1.391544e-003  7.957747e-002  0.000000e+000
    319  8.947275e-009  1.125046e-003  7.957747e-002  0.000000e+000
    320  5.439571e-009  9.530776e-004  7.957747e-002  0.000000e+000
    321  1.323089e-008  1.281749e-003  7.957747e-002  0.000000e+000
    322  6.893058e-009  1.031361e-003  7.957747e-002  0.000000e+000
    323  7.607552e-009  1.065831e-003  7.957747e-002  0.000000e+000
    324  2.588282e-008  1.603038e-003  7.957747e-002  0.000000e+000
    325  1.314912e-008  1.279103e-003  7.957747e-002  0.000000e+000
    326  6.587497e-009  1.015890e-003  7.957747e-002  0.000000e+000
    327  4.687851e-009  9.069806e-004  7.957747e-002  0.000000e+000
    328  6.195305e-009  9.953159e-004  7.957747e-002  0.000000e+000
    329  2.361081e-008  1.554690e-003  7.957747e-002  0.000000e+000
    330  7.324339e-009  1.052437e-003  7.957747e-002  0.000000e+000
    331  5.592091e-009  9.619034e-004  7.957747e-002  0.000000e+000
    332  1.428809e-008  1.315017e-003  7.957747e-002  0.000000e+000
    333  2.262113e-008  1.532656e-003  7.957747e-002  0.000000e+000
    334  1.720231e-008  1.398950e-003  7.957747e-002  0.000000e+000
    335  9.526236e-009  1.148807e-003  7.957747e-002  0.000000e+000
    336  6.811232e-009  1.027264e-003  7.957747e-002  0.000000e+000
    337  1.253775e-008  1.258964e-003  7.957747e-002  0.000000e+000
    338  7.858468e-009  1.077422e-003  7.957747e-002  0.000000e+000
    339  1.064194e-008  1.192011e-003  7.957747e-002  0.000000e+000
    340  1.075218e-008  1.196113e-003  7.957747e-002  0.000000e+000
    341  2.426205e-008  1.568854e-003  7.957747e-002  0.000000e+000
    342  4.335261e-009  8.836463e-004  7.957747e-002  0.000000e+000
    343  1.038237e-008  1.182240e-003  7.957747e-002  0.000000e+000
    344  8.182983e-009  1.092054e-003  7.957747e-002  0.000000e+000
    345  1.126412e-008  1.214803e-003  7.957747e-002  0.000000e+000
    346  2.669500e-009  7.517672e-004  7.957747e-002  0.000000e+000
    347  9.411949e-009  1.144195e-003  7.957747e-002  0.000000e+000
    348  7.413138e-009  1.056673e-003  7.957747e-002  0.000000e+000
    349  5.304759e-009  9.451381e-004  7.957747e-002  0.000000e+000
    350  1.146980e-008  1.222152e-003  7.957747e-002  0.000000e+000
    351  1.234671e-008  1.252537e-003  7.957747e-002  0.000000e+000
    352  1.143618e-008  1.220957e-003  7.957747e-002  0.000000e+000
    353  1.157365e-008  1.225830e-003  7.957747e-002  0.000000e+000
    354  3.289482e-008  1.736398e-003  7.957747e-002  0.000000e+000
    355  9.381810e-009  1.142972e-003  7.957747e-002  0.000000e+000
    356  7.351333e-009  1.053729e-003  7.957747e-002  0.000000e+000
    357  1.482663e-008  1.331336e-003  7.957747e-002  0.000000e+000
    358  1.213595e-008  1.245369e-003  7.957747e-002  0.000000e+000
    359  2.519942e-008  1.588804e-003  7.957747e-002  0.000000e+000
    360  1.275571e-008  1.266217e-003  7.957747e-002  0.000000e+000
    361  7.824930e-009  1.075888e-003  7.957747e-002  0.000000e+000
    362  1.347796e-008  1.289678e-003  7.957747e-002  0.000000e+000
    363  7.277271e-009  1.050178e-003  7.957747e-002  0.000000e+000
    364  5.995852e-009  9.845181e-004  7.957747e-002  0.000000e+000
    365  9.115659e-009  1.132060e-003  7.957747e-002  0.000000e+000
    366  1.254985e-008  1.259369e-003  7.957747e-002  0.000000e+000
    367  2.029399e-008  1.478186e-003  7.957747e-002  0.000000e+000
    368  1.119479e-008  1.212305e-003  7.957747e-002  0.000000e+000
    369  1.363667e-008  1.294721e-003  7.957747e-002  0.000000e+000
    370  3.347903e-009  8.107077e-004  7.957747e-002  0.000000e+000
    371  9.549045e-009  1.149723e-003  7.957747e-002  0.000000e+000
    372  5.695401e-009  9.677908e-004  7.957747e-002  0.000000e+000
    373  9.541130e-009  1.149406e-003  7.957747e-002  0.000000e+000
    374  1.587398e-008  1.361973e-003  7.957747e-002  0.000000e+000
    375  5.994326e-009  9.844345e-004  7.957747e-002  0.000000e+000
    376  1.929197e-008  1.453446e-003  7.957747e-002  0.000000e+000
    377  9.662851e-009  1.154273e-003  7.957747e-002  0.000000e+000
    378  2.051717e-008  1.483585e-003  7.957747e-002  0.000000e+000
    379  1.335788e-008  1.285837e-003  7.957747e-002  0.000000e+000
    380  1.386339e-008  1.301857e-003  7.957747e-002  0.000000e+000
    381  3.117209e-008  1.705540e-003  7.957747e-002  0.000000e+000
    382  1.390597e-008  1.303188e-003  7.957747e-002  0.000000e+000
    383  5.559485e-009  9.600302e-004  7.957747e-002  0.000000e+000
    384  6.335635e-009  1.002775e-003  7.957747e-002  0.000000e+000
    385  1.074044e-008  1.195678e-003  7.957747e-002  0.000000e+000
    386  2.447671e-008  1.573467e-003  7.957747e-002  0.000000e+000
    387  5.900765e-009  9.792858e-004  7.957747e-002  0.000000e+000
    388  5.794799e-009  9.733884e-004  7.957747e-002  0.000000e+000
    389  6.169830e-009  9.939498e-004  7.957747e-002  0.000000e+000
    390  2.650965e-008  1.615876e-003  7.957747e-002  0.000000e+000
    391  2.031653e-008  1.478733e-003  7.957747e-002  0.000000e+000
    392  5.594224e-009  9.620257e-004  7.957747e-002  0.000000e+000
    393  8.233778e-009  1.094308e-003  7.957747e-002  0.000000e+000
    394  1.462243e-008  1.325195e-003  7.957747e-002  0.000000e+000
    395  5.755705e-009  9.711945e-004  7.957747e-002  0.000000e+000
    396  1.697765e-008  1.392833e-003  7.957747e-002  0.000000e+000
    397  2.074620e-008  1.489085e-003  7.957747e-002  0.000000e+000
    398  1.889223e-008  1.443337e-003  7.957747e-002  0.000000e+000
    399  1.986375e-008  1.467666e-003  7.957747e-002  0.000000e+000
    400  1.123896e-008  1.213898e-003  7.957747e-002  0.000000e+000
    401  1.824463e-008  1.426653e-003  7.957747e-002  0.000000e+000
    402  1.247303e-008  1.256794e-003  7.957747e-002  0.000000e+000
    403  1.110977e-008  1.209228e-003  7.957747e-002  0.000000e+000
    404  1.671876e-008  1.385718e-003  7.957747e-002  0.000000e+000
    405  1.322565e-008  1.281580e-003  7.957747e-002  0.000000e+000
    406  6.875487e-009  1.030484e-003  7.957747e-002  0.000000e+000
    407  3.114857e-009  7.914426e-004  7.957747e-002  0.000000e+000
    408  5.164184e-009  9.367146e-004  7.957747e-002  0.000000e+000
    409  1.317689e-008  1.280003e-003  7.957747e-002  0.000000e+000
    410  9.739571e-009  1.157320e-003  7.957747e-002  0.000000e+000
    411  3.929169e-009  8.551460e-004  7.957747e-002  0.000000e+000
    412  1.875031e-008  1.439714e-003  7.957747e-002  0.000000e+000
    413  8.082261e-009  1.087554e-003  7.957747e-002  0.000000e+000
    414  4.251009e-009  8.778845e-004  7.957747e-002  0.000000e+000
    415  5.565375e-009  9.603691e-004  7.957747e-002  0.000000e+000
    416  1.458011e-008  1.323916e-003  7.957747e-002  0.000000e+000
    417  1.282190e-008  1.268404e-003  7.957747e-002  0.000000e+000
    418  9.801463e-009  1.159766e-003  7.957747e-002  0.000000e+000
    419  7.561359e-009  1.063669e-003  7.957747e-002  0.000000e+000
    420  9.528563e-009  1.148901e-003  7.957747e-002  0.000000e+000
    421  1.359693e-008  1.293462e-003  7.957747e-002  0.000000e+000
    422  1.044106e-008  1.184463e-003  7.957747e-002  0.000000e+000
    423  1.240482e-008  1.254499e-003  7.957747e-002  0.000000e+000
    424  9.947816e-009  1.165510e-003  7.957747e-002  0.000000e+000
    425  2.860570e-008  1.657388e-003  7.957747e-002  0.000000e+000
    426  7.590467e-009  1.065033e-003  7.957747e-002  0.000000e+000
    427  3.811047e-009  8.464893e-004  7.957747e-002  0.000000e+000
    428  1.431055e-008  1.315706e-003  7.957747e-002  0.000000e+000
    429  1.671793e-008  1.385695e-003  7.957747e-002  0.000000e+000
    430  1.040448e-008  1.183078e-003  7.957747e-002  0.000000e+000
    431  1.087536e-008  1.200663e-003  7.957747e-002  0.000000e+000
    432  1.335258e-008  1.285667e-003  7.957747e-002  0.000000e+000
    433  1.466959e-008  1.326619e-003  7.957747e-002  0.000000e+000
    434  2.856134e-008  1.656531e-003  7.957747e-002  0.000000e+000
    435  7.137424e-009  1.043407e-003  7.957747e-002  0.000000e+000
    436  1.450124e-008  1.321524e-003  7.957747e-002  0.000000e+000
    437  8.984040e-009  1.126585e-003  7.957747e-002  0.000000e+000
    438  1.925663e-009  6.742177e-004  7.957747e-002  0.000000e+000
    439  8.373760e-009  1.100475e-003  7.957747e-002  0.000000e+000
    440  3.817524e-009  8.469686e-004  7.957747e-002  0.000000e+000
    441  2.692094e-009  7.538821e-004  7.957747e-002  0.000000e+000
    442  1.466826e-008  1.326578e-003  7.957747e-002  0.000000e+000
    443  6.441652e-009  1.008337e-003  7.957747e-002  0.000000e+000
    444  4.482436e-009  8.935347e-004  7.957747e-002  0.000000e+000
    445  2.902650e-008  1.665476e-003  7.957747e-002  0.000000e+000
    446  1.379463e-008  1.299701e-003  7.957747e-002  0.000000e+000
    447  1.572915e-008  1.357819e-003  7.957747e-002  0.000000e+000
    448  7.588619e-009  1.064946e-003  7.957747e-002  0.000000e+000
    449  1.973033e-008  1.464372e-003  7.957747e-002  0.000000e+000
    450  6.920568e-009  1.032731e-003  7.957747e-002  0.000000e+000
    451  2.649583e-008  1.615595e-003  7.957747e-002  0.000000e+000
    452  2.240352e-008  1.527726e-003  7.957747e-002  0.000000e+000
    453  3.089769e-008  1.700521e-003  7.957747e-002  0.000000e+000
    454  2.863049e-008  1.657867e-003  7.957747e-002  0.000000e+000
    455  1.927814e-008  1.453099e-003  7.957747e-002  0.000000e+000
    456  1.608136e-008  1.367879e-003  7.957747e-002  0.000000e+000
    457  5.264602e-009  9.427471e-004  7.957747e-002  0.000000e+000
    458  1.478478e-008  1.330082e-003  7.957747e-002  0.000000e+000
    459  1.617867e-008  1.370632e-003  7.957747e-002  0.000000e+000
    460  6.649753e-009  1.019081e-003  7.957747e-002  0.000000e+000
    461  1.399787e-008  1.306053e-003  7.957747e-002  0.000000e+000
    462  7.444226e-009  1.058148e-003  7.957747e-002  0.000000e+000
    463  2.313124e-008  1.544091e-003  7.957747e-002  0.000000e+000
    464  2.726077e-008  1.630996e-003  7.957747e-002  0.000000e+000
    465  1.344174e-008  1.288522e-003  7.957747e-002  0.000000e+000
    466  1.853652e-008  1.434221e-003  7.957747e-002  0.000000e+000
    467  1.463702e-008  1.325636e-003  7.957747e-002  0.000000e+000
    468  9.945929e-009  1.165436e-003  7.957747e-002  0.000000e+000
    469  1.541594e-008  1.348746e-003  7.957747e-002  0.000000e+000
    470  1.262161e-008  1.261764e-003  7.957747e-002  0.000000e+000
    471  9.330393e-009  1.140880e-003  7.957747e-002  0.000000e+000
    472  8.665238e-009  1.113098e-003  7.957747e-002  0.000000e+000
    473  9.048430e-009  1.129270e-003  7.957747e-002  0.000000e+000
    474  7.651387e-009  1.067874e-003  7.957747e-002  0.000000e+000
    475  5.042867e-009  9.293213e-004  7.957747e-002  0.000000e+000
    476  1.988248e-008  1.468127e-003  7.957747e-002  0.000000e+000
    477  9.204202e-009  1.135713e-003  7.957747e-002  0.000000e+000
    478  6.554088e-009  1.014170e-003  7.957747e-002  0.000000e+000
    479  6.201789e-009  9.956630e-004  7.957747e-002  0.000000e+000
    480  2.202754e-008  1.519132e-003  7.957747e-002  0.000000e+000
    481  4.781218e-009  9.129624e-004  7.957747e-002  0.000000e+000
    482  1.438536e-008  1.317995e-003  7.957747e-002  0.000000e+000
    483  5.570726e-009  9.606768e-004  7.957747e-002  0.000000e+000
    484  2.068299e-008  1.487571e-003  7.957747e-002  0.000000e+000
    485  1.167613e-008  1.229437e-003  7.957747e-002  0.000000e+000
    486  1.143211e-008  1.220812e-003  7.957747e-002  0.000000e+000
    487  1.338557e-008  1.286725e-003  7.957747e-002  0.000000e+000
    488  5.713276e-009  9.688022e-004  7.957747e-002  0.000000e+000
    489  9.205587e-009  1.135770e-003  7.957747e-002  0.000000e+000
    490  1.617554e-008  1.370544e-003  7.957747e-002  0.000000e+000
    491  1.341214e-008  1.287576e-003  7.957747e-002  0.000000e+000
    492  2.718665e-008  1.629516e-003  7.957747e-002  0.000000e+000
    493  1.146164e-008  1.221863e-003  7.957747e-002  0.000000e+000
    494  4.229973e-009  8.764341e-004  7.957747e-002  0.000000e+000
    495  1.151218e-008  1.223656e-003  7.957747e-002  0.000000e+000
    496  9.631561e-009  1.153026e-003  7.957747e-002  0.000000e+000
    497  2.056788e-008  1.484807e-003  7.957747e-002  0.000000e+000
    498  5.607010e-009  9.627580e-004  7.957747e-002  0.000000e+000
    499  1.122489e-008  1.213391e-003  7.957747e-002  0.000000e+000
    500  1.668550e-008  1.384798e-003  7.957747e-002  0.000000e+000
    501  5.542859e-009  9.590723e-004  7.957747e-002  0.000000e+000
    502  9.041988e-009  1.129002e-003  7.957747e-002  0.000000e+000
    503  1.442947e-008  1.319340e-003  7.957747e-002  0.000000e+000
    504  8.953707e-009  1.125316e-003  7.957747e-002  0.000000e+000
    505  6.746737e-009  1.024011e-003  7.957747e-002  0.000000e+000
    506  6.259980e-009  9.987674e-004  7.957747e-002  0.000000e+000
    507  1.117024e-008  1.211418e-003  7.957747e-002  0.000000e+000
    508  2.086286e-008  1.491871e-003  7.957747e-002  0.000000e+000
    509  4.920579e-009  9.217478e-004  7.957747e-002  0.000000e+000
    510  1.175176e-008  1.232086e-003  7.957747e-002  0.000000e+000
    511  1.827888e-008  1.427545e-003  7.957747e-002  0.000000e+000
    512  8.364155e-009  1.100054e-003  7.957747e-002  0.000000e+000
    513  2.530626e-008  1.591046e-003  7.957747e-002  0.000000e+000
    514  1.170510e-008  1.230453e-003  7.957747e-002  0.000000e+000
    515  7.037290e-009  1.038505e-003  7.957747e-002  0.000000e+000
    516  1.440740e-008  1.318667e-003  7.957747e-002  0.000000e+000
    517  1.892951e-008  1.444286e-003  7.957747e-002  0.000000e+000
    518  2.519942e-008  1.588804e-003  7.957747e-002  0.000000e+000
    519  2.083565e-008  1.491222e-003  7.957747e-002  0.000000e+000
    520  9.235139e-009  1.136984e-003  7.957747e-002  0.000000e+000
    521  7.135079e-009  1.043293e-003  7.957747e-002  0.000000e+000
    522  1.492591e-008  1.334300e-003  7.957747e-002  0.000000e+000
    523  1.408177e-008  1.308657e-003  7.957747e-002  0.000000e+000
    524  1.730177e-008  1.401641e-003  7.957747e-002  0.000000e+000
    525  1.447704e-008  1.320789e-003  7.957747e-002  0.000000e+000
    526  1.453731e-008  1.322619e-003  7.957747e-002  0.000000e+000
    527  1.382896e-008  1.300778e-003  7.957747e-002  0.000000e+000
    528  1.043480e-008  1.184227e-003  7.957747e-002  0.000000e+000
    529  1.182622e-008  1.234683e-003  7.957747e-002  0.000000e+000
    530  9.863487e-009  1.162207e-003  7.957747e-002  0.000000e+000
    531  2.385572e-008  1.560046e-003  7.957747e-002  0.000000e+000
    532  1.524270e-008  1.343674e-003  7.957747e-002  0.000000e+000
    533  9.557427e-009  1.150060e-003  7.957747e-002  0.000000e+000
    534  1.621082e-008  1.371540e-003  7.957747e-002  0.000000e+000
    535  1.607594e-008  1.367725e-003  7.957747e-002  0.000000e+000
    536  6.924359e-009  1.032920e-003  7.957747e-002  0.000000e+000
    537  2.871055e-008  1.659411e-003  7.957747e-002  0.000000e+000
    538  2.187621e-008  1.515645e-003  7.957747e-002  0.000000e+000
    539  1.357172e-008  1.292662e-003  7.957747e-002  0.000000e+000
    540  4.162474e-009  8.717472e-004  7.957747e-002  0.000000e+000
    541  6.168829e-009  9.938960e-004  7.957747e-002  0.000000e+000
    542  9.884663e-009  1.163038e-003  7.957747e-002  0.000000e+000
    543  5.155644e-009  9.361979e-004  7.957747e-002  0.000000e+000
    544  2.121748e-008  1.500276e-003  7.957747e-002  0.000000e+000
    545  2.474802e-008  1.579260e-003  7.957747e-002  0.000000e+000
    546  2.938247e-009  7.761926e-004  7.957747e-002  0.000000e+000
    547  7.967692e-009  1.082391e-003  7.957747e-002  0.000000e+000
    548  2.064534e-008  1.486668e-003  7.957747e-002  0.000000e+000
    549  2.092048e-008  1.493243e-003  7.957747e-002  0.000000e+000
    550  6.549239e-009  1.013920e-003  7.957747e-002  0.000000e+000
    551  1.587928e-008  1.362125e-003  7.957747e-002  0.000000e+000
    552  2.133626e-008  1.503071e-003  7.957747e-002  0.000000e+000
    553  3.748679e-009  8.418463e-004  7.957747e-002  0.000000e+000
    554  7.509091e-009  1.061213e-003  7.957747e-002  0.000000e+000
    555  9.998824e-009  1.167499e-003  7.957747e-002  0.000000e+000
    556  1.454849e-008  1.322958e-003  7.957747e-002  0.000000e+000
    557  1.769061e-008  1.412064e-003  7.957747e-002  0.000000e+000
    558  1.873316e-008  1.439275e-003  7.957747e-002  0.000000e+000
    559  1.765134e-008  1.411018e-003  7.957747e-002  0.000000e+000
    560  9.697913e-009  1.155667e-003  7.957747e-002  0.000000e+000
    561  1.152240e-008  1.224018e-003  7.957747e-002  0.000000e+000
    562  1.336200e-008  1.285969e-003  7.957747e-002  0.000000e+000
    563  1.915597e-008  1.450022e-003  7.957747e-002  0.000000e+000
    564  1.049026e-008  1.186321e-003  7.957747e-002  0.000000e+000
    565  1.334553e-008  1.285440e-003  7.957747e-002  0.000000e+000
    566  5.243865e-009  9.415077e-004  7.957747e-002  0.000000e+000
    567  7.121940e-009  1.042652e-003  7.957747e-002  0.000000e+000
    568  1.651541e-008  1.380076e-003  7.957747e-002  0.000000e+000
    569  2.475061e-008  1.579315e-003  7.957747e-002  0.000000e+000
    570  9.856432e-009  1.161930e-003  7.957747e-002  0.000000e+000
    571  9.393863e-009  1.143461e-003  7.957747e-002  0.000000e+000
    572  1.189791e-008  1.237172e-003  7.957747e-002  0.000000e+000
    573  2.266403e-008  1.533625e-003  7.957747e-002  0.000000e+000
    574  1.271438e-008  1.264848e-003  7.957747e-002  0.000000e+000
    575  1.285231e-008  1.269406e-003  7.957747e-002  0.000000e+000
    576  1.705620e-008  1.394978e-003  7.957747e-002  0.000000e+000
    577  1.003715e-008  1.168988e-003  7.957747e-002  0.000000e+000
    578  1.981653e-008  1.466502e-003  7.957747e-002  0.000000e+000
    579  2.622921e-008  1.610158e-003  7.957747e-002  0.000000e+000
    580  8.590158e-009  1.109874e-003  7.957747e-002  0.000000e+000
    581  2.687334e-008  1.623232e-003  7.957747e-002  0.000000e+000
    582  4.697836e-009  9.076241e-004  7.957747e-002  0.000000e+000
    583  9.030486e-009  1.128523e-003  7.957747e-002  0.000000e+000
    584  2.175428e-008  1.512823e-003  7.957747e-002  0.000000e+000
    585  3.398697e-008  1.755406e-003  7.957747e-002  0.000000e+000
    586  1.352683e-008  1.291235e-003  7.957747e-002  0.000000e+000
    587  4.673459e-009  9.060514e-004  7.957747e-002  0.000000e+000
    588  2.093061e-008  1.493484e-003  7.957747e-002  0.000000e+000
    589  2.173634e-008  1.512408e-003  7.957747e-002  0.000000e+000
    590  7.509091e-009  1.061213e-003  7.957747e-002  0.000000e+000
    591  1.248781e-008  1.257290e-003  7.957747e-002  0.000000e+000
    592  7.378766e-009  1.055038e-003  7.957747e-002  0.000000e+000
    593  1.293434e-008  1.272101e-003  7.957747e-002  0.000000e+000
    594  6.526429e-009  1.012741e-003  7.957747e-002  0.000000e+000
    595  1.422417e-008  1.313053e-003  7.957747e-002  0.000000e+000
    596  1.006604e-008  1.170109e-003  7.957747e-002  0.000000e+000
    597  7.876837e-009  1.078261e-003  7.957747e-002  0.000000e+000
    598  1.783436e-008  1.415878e-003  7.957747e-002  0.000000e+000
    599  2.023468e-008  1.476745e-003  7.957747e-002  0.000000e+000
    600  1.165135e-008  1.228567e-003  7.957747e-002  0.000000e+000
    601  6.817429e-009  1.027575e-003  7.957747e-002  0.000000e+000
    602  5.385425e-009  9.499047e-004  7.957747e-002  0.000000e+000
    603  6.884512e-009  1.030935e-003  7.957747e-002  0.000000e+000
    604  1.423820e-008  1.313485e-003  7.957747e-002  0.000000e+000
    605  3.026210e-009  7.838622e-004  7.957747e-002  0.000000e+000
    606  1.618572e-008  1.370831e-003  7.957747e-002  0.000000e+000
    607  2.107404e-008  1.496888e-003  7.957747e-002  0.000000e+000
    608  1.849488e-008  1.433147e-003  7.957747e-002  0.000000e+000
    609  1.253665e-008  1.258927e-003  7.957747e-002  0.000000e+000
    610  6.805032e-009  1.026952e-003  7.957747e-002  0.000000e+000
    611  1.114722e-008  1.210586e-003  7.957747e-002  0.000000e+000
    612  3.805366e-009  8.460685e-004  7.957747e-002  0.000000e+000
    613  1.571948e-008  1.357540e-003  7.957747e-002  0.000000e+000
    614  1.060549e-008  1.190649e-003  7.957747e-002  0.000000e+000
    615  3.341886e-009  8.102218e-004  7.957747e-002  0.000000e+000
    616  8.200374e-009  1.092827e-003  7.957747e-002  0.000000e+000
    617  5.390365e-009  9.501951e-004  7.957747e-002  0.000000e+000
    618  1.076001e-008  1.196403e-003  7.957747e-002  0.000000e+000
    619  9.925177e-009  1.164625e-003  7.957747e-002  0.000000e+000
    620  2.071101e-008  1.488243e-003  7.957747e-002  0.000000e+000
    621  8.658827e-009  1.112824e-003  7.957747e-002  0.000000e+000
    622  1.375554e-008  1.298472e-003  7.957747e-002  0.000000e+000
    623  1.376042e-008  1.298626e-003  7.957747e-002  0.000000e+000
    624  1.504694e-008  1.337897e-003  7.957747e-002  0.000000e+000
    625  9.511349e-009  1.148208e-003  7.957747e-002  0.000000e+000
    626  3.521171e-009  8.244591e-004  7.957747e-002  0.000000e+000
    627  1.005088e-008  1.169521e-003  7.957747e-002  0.000000e+000
    628  7.747670e-009  1.072335e-003  7.957747e-002  0.000000e+000
    629  6.563780e-009  1.014670e-003  7.957747e-002  0.000000e+000
    630  5.281365e-009  9.437467e-004  7.957747e-002  0.000000e+000
    631  1.110378e-008  1.209011e-003  7.957747e-002  0.000000e+000
    632  1.700174e-008  1.393492e-003  7.957747e-002  0.000000e+000
    633  1.560714e-008  1.354299e-003  7.957747e-002  0.000000e+000
    634  2.424768e-008  1.568544e-003  7.957747e-002  0.000000e+000
    635  6.481184e-009  1.010396e-003  7.957747e-002  0.000000e+000
    636  2.314680e-009  7.168644e-004  7.957747e-002  0.000000e+000
    637  1.152599e-008  1.224145e-003  7.957747e-002  0.000000e+000
    638  1.256803e-008  1.259977e-003  7.957747e-002  0.000000e+000
    639  1.581667e-008  1.360333e-003  7.957747e-002  0.000000e+000
    640  1.305586e-008  1.276072e-003  7.957747e-002  0.000000e+000
    641  1.024969e-008  1.177182e-003  7.957747e-002  0.000000e+000
    642  1.531645e-008  1.345838e-003  7.957747e-002  0.000000e+000
    643  1.525047e-008  1.343903e-003  7.957747e-002  0.000000e+000
    644  8.170168e-009  1.091483e-003  7.957747e-002  0.000000e+000
    645  5.822836e-009  9.749558e-004  7.957747e-002  0.000000e+000
    646  4.888951e-009  9.197687e-004  7.957747e-002  0.000000e+000
    647  5.643122e-009  9.648205e-004  7.957747e-002  0.000000e+000
    648  1.549398e-008  1.351018e-003  7.957747e-002  0.000000e+000
    649  7.989700e-009  1.083387e-003  7.957747e-002  0.000000e+000
    650  2.241612e-008  1.528012e-003  7.957747e-002  0.000000e+000
    651  1.658566e-008  1.382031e-003  7.957747e-002  0.000000e+000
    652  8.873348e-009  1.121939e-003  7.957747e-002  0.000000e+000
    653  1.733041e-008  1.402414e-003  7.957747e-002  0.000000e+000
    654  1.374822e-008  1.298242e-003  7.957747e-002  0.000000e+000
    655  1.692540e-008  1.391403e-003  7.957747e-002  0.000000e+000
    656  6.433340e-009  1.007903e-003  7.957747e-002  0.000000e+000
    657  8.982201e-009  1.126508e-003  7.957747e-002  0.000000e+000
    658  1.182413e-008  1.234610e-003  7.957747e-002  0.000000e+000
    659  1.655373e-008  1.381143e-003  7.957747e-002  0.000000e+000
    660  1.964151e-008  1.462172e-003  7.957747e-002  0.000000e+000
    661  1.158032e-008  1.226065e-003  7.957747e-002  0.000000e+000
    662  8.695923e-009  1.114411e-003  7.957747e-002  0.000000e+000
    663  2.229794e-009  7.079919e-004  7.957747e-002  0.000000e+000
    664  1.134334e-008  1.217644e-003  7.957747e-002  0.000000e+000
    665  7.851578e-009  1.077107e-003  7.957747e-002  0.000000e+000
    666  7.075423e-009  1.040377e-003  7.957747e-002  0.000000e+000
    667  2.556995e-008  1.596553e-003  7.957747e-002  0.000000e+000
    668  9.389690e-009  1.143292e-003  7.957747e-002  0.000000e+000
    669  1.652029e-008  1.380212e-003  7.957747e-002  0.000000e+000
    670  1.541522e-008  1.348725e-003  7.957747e-002  0.000000e+000
    671  2.408937e-008  1.565123e-003  7.957747e-002  0.000000e+000
    672  9.679208e-009  1.154924e-003  7.957747e-002  0.000000e+000
    673  2.122503e-008  1.500454e-003  7.957747e-002  0.000000e+000
    674  1.078939e-008  1.197491e-003  7.957747e-002  0.000000e+000
    675  3.340881e-009  8.101406e-004  7.957747e-002  0.000000e+000
    676  1.214609e-008  1.245715e-003  7.957747e-002  0.000000e+000
    677  1.235646e-008  1.252866e-003  7.957747e-002  0.000000e+000
    678  1.668467e-008  1.384775e-003  7.957747e-002  0.000000e+000
    679  5.683286e-009  9.671041e-004  7.957747e-002  0.000000e+000
    680  1.120582e-008  1.212703e-003  7.957747e-002  0.000000e+000
    681  6.770175e-009  1.025195e-003  7.957747e-002  0.000000e+000
    682  1.233750e-008  1.252225e-003  7.957747e-002  0.000000e+000
    683  4.379351e-009  8.866318e-004  7.957747e-002  0.000000e+000
    684  6.410332e-009  1.006700e-003  7.957747e-002  0.000000e+000
    685  8.321615e-009  1.098186e-003  7.957747e-002  0.000000e+000
    686  2.076315e-008  1.489491e-003  7.957747e-002  0.000000e+000
    687  1.919002e-008  1.450881e-003  7.957747e-002  0.000000e+000
    688  1.975608e-008  1.465009e-003  7.957747e-002  0.000000e+000
    689  1.748427e-008  1.406552e-003  7.957747e-002  0.000000e+000
    690  1.153469e-008  1.224453e-003  7.957747e-002  0.000000e+000
    691  2.126596e-008  1.501418e-003  7.957747e-002  0.000000e+000
    692  7.591853e-009  1.065097e-003  7.957747e-002  0.000000e+000
    693  1.639261e-008  1.376647e-003  7.957747e-002  0.000000e+000
    694  1.502206e-008  1.337159e-003  7.957747e-002  0.000000e+000
    695  1.042517e-008  1.183862e-003  7.957747e-002  0.000000e+000
    696  9.852670e-009  1.161782e-003  7.957747e-002  0.000000e+000
    697  1.152906e-008  1.224253e-003  7.957747e-002  0.000000e+000
    698  1.826678e-008  1.427230e-003  7.957747e-002  0.000000e+000
    699  1.658402e-008  1.381985e-003  7.957747e-002  0.000000e+000
    700  1.714426e-008  1.397375e-003  7.957747e-002  0.000000e+000
    701  1.074484e-008  1.195841e-003  7.957747e-002  0.000000e+000
    702  1.699399e-008  1.393280e-003  7.957747e-002  0.000000e+000
    703  1.007363e-008  1.170403e-003  7.957747e-002  0.000000e+000
    704  7.062249e-009  1.039731e-003  7.957747e-002  0.000000e+000
    705  1.429258e-008  1.315155e-003  7.957747e-002  0.000000e+000
    706  4.233488e-009  8.766768e-004  7.957747e-002  0.000000e+000
    707  1.109481e-008  1.208685e-003  7.957747e-002  0.000000e+000
    708  1.123193e-008  1.213644e-003  7.957747e-002  0.000000e+000
    709  1.387510e-008  1.302223e-003  7.957747e-002  0.000000e+000
    710  6.489466e-009  1.010826e-003  7.957747e-002  0.000000e+000
    711  1.307250e-008  1.276614e-003  7.957747e-002  0.000000e+000
    712  1.505109e-008  1.338020e-003  7.957747e-002  0.000000e+000
    713  1.038574e-008  1.182367e-003  7.957747e-002  0.000000e+000
    714  1.099986e-008  1.205228e-003  7.957747e-002  0.000000e+000
    715  2.132398e-008  1.502782e-003  7.957747e-002  0.000000e+000
    716  1.157519e-008  1.225884e-003  7.957747e-002  0.000000e+000
    717  7.908512e-009  1.079705e-003  7.957747e-002  0.000000e+000
    718  2.686232e-008  1.623010e-003  7.957747e-002  0.000000e+000
    719  1.802753e-008  1.420972e-003  7.957747e-002  0.000000e+000
    720  1.273056e-008  1.265385e-003  7.957747e-002  0.000000e+000
    721  1.952037e-008  1.459159e-003  7.957747e-002  0.000000e+000
    722  8.166964e-009  1.091340e-003  7.957747e-002  0.000000e+000
    723  1.374579e-008  1.298165e-003  7.957747e-002  0.000000e+000
    724  1.734657e-008  1.402850e-003  7.957747e-002  0.000000e+000
    725  1.618885e-008  1.370920e-003  7.957747e-002  0.000000e+000
    726  1.001585e-008  1.168161e-003  7.957747e-002  0.000000e+000
    727  2.220502e-008  1.523201e-003  7.957747e-002  0.000000e+000
    728  2.267526e-008  1.533878e-003  7.957747e-002  0.000000e+000
    729  2.258960e-008  1.531944e-003  7.957747e-002  0.000000e+000
    730  2.632960e-009  7.483214e-004  7.957747e-002  0.000000e+000
    731  1.037085e-008  1.181802e-003  7.957747e-002  0.000000e+000
    732  1.038622e-008  1.182386e-003  7.957747e-002  0.000000e+000
    733  1.503795e-008  1.337631e-003  7.957747e-002  0.000000e+000
    734  8.783446e-009  1.118137e-003  7.957747e-002  0.000000e+000
    735  6.613107e-009  1.017205e-003  7.957747e-002  0.000000e+000
    736  1.799825e-008  1.420202e-003  7.957747e-002  0.000000e+000
    737  8.502301e-009  1.106077e-003  7.957747e-002  0.000000e+000
    738  1.202648e-008  1.241613e-003  7.957747e-002  0.000000e+000
    739  1.481041e-008  1.330850e-003  7.957747e-002  0.000000e+000
    740  3.789065e-009  8.448587e-004  7.957747e-002  0.000000e+000
    741  9.803810e-009  1.159859e-003  7.957747e-002  0.000000e+000
    742  4.319531e-009  8.825762e-004  7.957747e-002  0.000000e+000
    743  6.326266e-009  1.002280e-003  7.957747e-002  0.000000e+000
    744  5.098962e-009  9.327544e-004  7.957747e-002  0.000000e+000
    745  9.748004e-009  1.157654e-003  7.957747e-002  0.000000e+000
    746  6.883087e-009  1.030863e-003  7.957747e-002  0.000000e+000
    747  9.076048e-009  1.130418e-003  7.957747e-002  0.000000e+000
    748  1.479085e-008  1.330264e-003  7.957747e-002  0.000000e+000
    749  1.020436e-008  1.175444e-003  7.957747e-002  0.000000e+000
    750  1.063221e-008  1.191648e-003  7.957747e-002  0.000000e+000
    751  1.571056e-008  1.357284e-003  7.957747e-002  0.000000e+000
    752  2.494281e-008  1.583392e-003  7.957747e-002  0.000000e+000
    753  1.166012e-008  1.228875e-003  7.957747e-002  0.000000e+000
    754  1.427143e-008  1.314506e-003  7.957747e-002  0.000000e+000
    755  9.756438e-009  1.157987e-003  7.957747e-002  0.000000e+000
    756  2.575024e-008  1.600297e-003  7.957747e-002  0.000000e+000
    757  1.472367e-008  1.328247e-003  7.957747e-002  0.000000e+000
    758  1.480839e-008  1.330789e-003  7.957747e-002  0.000000e+000
    759  1.304726e-008  1.275792e-003  7.957747e-002  0.000000e+000
    760  6.133260e-009  9.919821e-004  7.957747e-002  0.000000e+000
    761  1.794389e-008  1.418771e-003  7.957747e-002  0.000000e+000
    762  1.292129e-008  1.271673e-003  7.957747e-002  0.000000e+000
    763  1.027884e-008  1.178297e-003  7.957747e-002  0.000000e+000
    764  1.839381e-008  1.430531e-003  7.957747e-002  0.000000e+000
    765  1.944816e-008  1.457358e-003  7.957747e-002  0.000000e+000
    766  2.566845e-008  1.598600e-003  7.957747e-002  0.000000e+000
    767  9.043829e-009  1.129079e-003  7.957747e-002  0.000000e+000
    768  1.293320e-008  1.272063e-003  7.957747e-002  0.000000e+000
    769  7.817577e-009  1.075550e-003  7.957747e-002  0.000000e+000
    770  9.980393e-009  1.166781e-003  7.957747e-002  0.000000e+000
    771  1.892182e-008  1.444090e-003  7.957747e-002  0.000000e+000
    772  8.689968e-009  1.114156e-003  7.957747e-002  0.000000e+000
    773  6.899702e-009  1.031692e-003  7.957747e-002  0.000000e+000
    774  4.388105e-009  8.872222e-004  7.957747e-002  0.000000e+000
    775  1.343463e-008  1.288295e-003  7.957747e-002  0.000000e+000
    776  7.053304e-009  1.039292e-003  7.957747e-002  0.000000e+000
    777  8.660659e-009  1.112902e-003  7.957747e-002  0.000000e+000
    778  1.663255e-008  1.383332e-003  7.957747e-002  0.000000e+000
    779  6.672372e-009  1.020235e-003  7.957747e-002  0.000000e+000
    780  7.441443e-009  1.058016e-003  7.957747e-002  0.000000e+000
    781  1.888458e-008  1.443142e-003  7.957747e-002  0.000000e+000
    782  2.131785e-008  1.502638e-003  7.957747e-002  0.000000e+000
    783  1.608213e-008  1.367901e-003  7.957747e-002  0.000000e+000
    784  7.565518e-009  1.063864e-003  7.957747e-002  0.000000e+000
    785  1.375737e-008  1.298530e-003  7.957747e-002  0.000000e+000
    786  1.965483e-008  1.462502e-003  7.957747e-002  0.000000e+000
    787  6.611658e-009  1.017131e-003  7.957747e-002  0.000000e+000
    788  1.141839e-008  1.220323e-003  7.957747e-002  0.000000e+000
    789  4.959691e-009  9.241836e-004  7.957747e-002  0.000000e+000
    790  1.397606e-008  1.305374e-003  7.957747e-002  0.000000e+000
    791  1.825972e-008  1.427046e-003  7.957747e-002  0.000000e+000
    792  2.817226e-009  7.653862e-004  7.957747e-002  0.000000e+000
    793  9.056714e-009  1.129615e-003  7.957747e-002  0.000000e+000
    794  1.751447e-008  1.407362e-003  7.957747e-002  0.000000e+000
    795  1.684298e-008  1.389141e-003  7.957747e-002  0.000000e+000
    796  1.264931e-008  1.262687e-003  7.957747e-002  0.000000e+000
    797  1.440545e-008  1.318608e-003  7.957747e-002  0.000000e+000
    798  5.744203e-009  9.705471e-004  7.957747e-002  0.000000e+000
    799  4.943134e-009  9.231541e-004  7.957747e-002  0.000000e+000
    800  1.624230e-008  1.372427e-003  7.957747e-002  0.000000e+000
    801  1.719085e-008  1.398640e-003  7.957747e-002  0.000000e+000
    802  1.447704e-008  1.320789e-003  7.957747e-002  0.000000e+000
    803  1.592937e-008  1.363556e-003  7.957747e-002  0.000000e+000
    804  1.513384e-008  1.340468e-003  7.957747e-002  0.000000e+000
    805  1.691857e-008  1.391216e-003  7.957747e-002  0.000000e+000
    806  1.883775e-008  1.441948e-003  7.957747e-002  0.000000e+000
    807  1.688706e-008  1.390352e-003  7.957747e-002  0.000000e+000
    808  7.726035e-009  1.071336e-003  7.957747e-002  0.000000e+000
    809  8.495438e-009  1.105780e-003  7.957747e-002  0.000000e+000
    810  1.308571e-008  1.277044e-003  7.957747e-002  0.000000e+000
    811  1.609376e-008  1.368230e-003  7.957747e-002  0.000000e+000
    812  2.993112e-008  1.682601e-003  7.957747e-002  0.000000e+000
    813  2.190788e-008  1.516376e-003  7.957747e-002  0.000000e+000
    814  1.682103e-008  1.388537e-003  7.957747e-002  0.000000e+000
    815  4.880564e-009  9.192424e-004  7.957747e-002  0.000000e+000
    816  1.191996e-008  1.237936e-003  7.957747e-002  0.000000e+000
    817  2.041950e-008  1.481228e-003  7.957747e-002  0.000000e+000
    818  1.295138e-008  1.272659e-003  7.957747e-002  0.000000e+000
    819  1.328105e-008  1.283367e-003  7.957747e-002  0.000000e+000
    820  9.672197e-009  1.154645e-003  7.957747e-002  0.000000e+000
    821  2.039261e-008  1.480577e-003  7.957747e-002  0.000000e+000
    822  1.005135e-008  1.169539e-003  7.957747e-002  0.000000e+000
    823  2.495083e-008  1.583562e-003  7.957747e-002  0.000000e+000
    824  3.908143e-009  8.536179e-004  7.957747e-002  0.000000e+000
    825  1.269210e-008  1.264109e-003  7.957747e-002  0.000000e+000
    826  8.537531e-009  1.107603e-003  7.957747e-002  0.000000e+000
    827  4.132181e-009  8.696273e-004  7.957747e-002  0.000000e+000
    828  1.315258e-008  1.279216e-003  7.957747e-002  0.000000e+000
    829  7.295455e-009  1.051052e-003  7.957747e-002  0.000000e+000
    830  9.532286e-009  1.149050e-003  7.957747e-002  0.000000e+000
    831  1.541594e-008  1.348746e-003  7.957747e-002  0.000000e+000
    832  5.868850e-009  9.775171e-004  7.957747e-002  0.000000e+000
    833  2.432229e-008  1.570151e-003  7.957747e-002  0.000000e+000
    834  1.649915e-008  1.379623e-003  7.957747e-002  0.000000e+000
    835  1.709357e-008  1.395997e-003  7.957747e-002  0.000000e+000
    836  1.556609e-008  1.353110e-003  7.957747e-002  0.000000e+000
    837  5.468384e-009  9.547574e-004  7.957747e-002  0.000000e+000
    838  2.572893e-008  1.599855e-003  7.957747e-002  0.000000e+000
    839  1.244843e-008  1.255967e-003  7.957747e-002  0.000000e+000
    840  6.321826e-009  1.002046e-003  7.957747e-002  0.000000e+000
    841  8.271752e-009  1.095988e-003  7.957747e-002  0.000000e+000
    842  1.463370e-008  1.325536e-003  7.957747e-002  0.000000e+000
    843  2.168119e-008  1.511127e-003  7.957747e-002  0.000000e+000
    844  2.135933e-008  1.503613e-003  7.957747e-002  0.000000e+000
    845  9.690429e-009  1.155370e-003  7.957747e-002  0.000000e+000
    846  1.230667e-008  1.251181e-003  7.957747e-002  0.000000e+000
    847  5.464585e-009  9.545363e-004  7.957747e-002  0.000000e+000
    848  1.177099e-008  1.232758e-003  7.957747e-002  0.000000e+000
    849  1.639502e-008  1.376715e-003  7.957747e-002  0.000000e+000
    850  4.292697e-009  8.807449e-004  7.957747e-002  0.000000e+000
    851  1.919571e-008  1.451025e-003  7.957747e-002  0.000000e+000
    852  1.784773e-008  1.416232e-003  7.957747e-002  0.000000e+000
    853  7.005695e-009  1.036948e-003  7.957747e-002  0.000000e+000
    854  4.954966e-009  9.238900e-004  7.957747e-002  0.000000e+000
    855  1.095530e-008  1.203598e-003  7.957747e-002  0.000000e+000
    856  1.239067e-008  1.254022e-003  7.957747e-002  0.000000e+000
    857  8.716995e-009  1.115310e-003  7.957747e-002  0.000000e+000
    858  9.126257e-009  1.132498e-003  7.957747e-002  0.000000e+000
    859  1.173360e-008  1.231451e-003  7.957747e-002  0.000000e+000
    860  2.113713e-009  6.954865e-004  7.957747e-002  0.000000e+000
    861  3.267400e-008  1.732504e-003  7.957747e-002  0.000000e+000
    862  5.816095e-009  9.745794e-004  7.957747e-002  0.000000e+000
    863  1.270713e-008  1.264608e-003  7.957747e-002  0.000000e+000
    864  9.820714e-009  1.160525e-003  7.957747e-002  0.000000e+000
    865  1.497936e-008  1.335891e-003  7.957747e-002  0.000000e+000
    866  1.293150e-008  1.272008e-003  7.957747e-002  0.000000e+000
    867  2.555516e-008  1.596245e-003  7.957747e-002  0.000000e+000
    868  6.257995e-009  9.986618e-004  7.957747e-002  0.000000e+000
    869  1.451041e-008  1.321803e-003  7.957747e-002  0.000000e+000
    870  2.626171e-009  7.476777e-004  7.957747e-002  0.000000e+000
    871  3.602216e-009  8.307365e-004  7.957747e-002  0.000000e+000
    872  1.322914e-008  1.281693e-003  7.957747e-002  0.000000e+000
    873  4.229973e-009  8.764341e-004  7.957747e-002  0.000000e+000
    874  9.778942e-009  1.158877e-003  7.957747e-002  0.000000e+000
    875  6.456307e-009  1.009101e-003  7.957747e-002  0.000000e+000
    876  6.434807e-009  1.007980e-003  7.957747e-002  0.000000e+000
    877  1.007410e-008  1.170421e-003  7.957747e-002  0.000000e+000
    878  1.522083e-008  1.343031e-003  7.957747e-002  0.000000e+000
    879  7.657382e-009  1.068153e-003  7.957747e-002  0.000000e+000
    880  1.496082e-008  1.335340e-003  7.957747e-002  0.000000e+000
    881  1.382834e-008  1.300759e-003  7.957747e-002  0.000000e+000
    882  2.347163e-008  1.551629e-003  7.957747e-002  0.000000e+000
    883  1.450910e-008  1.321763e-003  7.957747e-002  0.000000e+000
    884  5.338030e-009  9.471099e-004  7.957747e-002  0.000000e+000
    885  1.534569e-008  1.346694e-003  7.957747e-002  0.000000e+000
    886  1.599277e-008  1.365362e-003  7.957747e-002  0.000000e+000
    887  3.028587e-008  1.689222e-003  7.957747e-002  0.000000e+000
    888  1.252401e-008  1.258504e-003  7.957747e-002  0.000000e+000
    889  8.489948e-009  1.105542e-003  7.957747e-002  0.000000e+000
    890  1.226998e-008  1.249937e-003  7.957747e-002  0.000000e+000
    891  2.777322e-008  1.641152e-003  7.957747e-002  0.000000e+000
    892  5.159631e-009  9.364392e-004  7.957747e-002  0.000000e+000
    893  1.543467e-008  1.349292e-003  7.957747e-002  0.000000e+000
    894  1.925515e-008  1.452521e-003  7.957747e-002  0.000000e+000
    895  6.358780e-009  1.003994e-003  7.957747e-002  0.000000e+000
    896  1.902350e-008  1.446672e-003  7.957747e-002  0.000000e+000
    897  1.873316e-008  1.439275e-003  7.957747e-002  0.000000e+000
    898  1.253885e-008  1.259001e-003  7.957747e-002  0.000000e+000
    899  1.928736e-008  1.453330e-003  7.957747e-002  0.000000e+000
    900  4.319531e-009  8.825762e-004  7.957747e-002  0.000000e+000
    901  5.773972e-009  9.722208e-004  7.957747e-002  0.000000e+000
    902  1.214395e-008  1.245642e-003  7.957747e-002  0.000000e+000
    903  8.430022e-009  1.102934e-003  7.957747e-002  0.000000e+000
    904  2.421904e-008  1.567926e-003  7.957747e-002  0.000000e+000
    905  7.036347e-009  1.038458e-003  7.957747e-002  0.000000e+000
    906  1.426055e-008  1.314172e-003  7.957747e-002  0.000000e+000
    907  1.527454e-008  1.344609e-003  7.957747e-002  0.000000e+000
    908  8.147281e-009  1.090463e-003  7.957747e-002  0.000000e+000
    909  1.009545e-008  1.171247e-003  7.957747e-002  0.000000e+000
    910  1.332087e-008  1.284648e-003  7.957747e-002  0.000000e+000
    911  3.254440e-009  8.030924e-004  7.957747e-002  0.000000e+000
    912  6.873587e-009  1.030389e-003  7.957747e-002  0.000000e+000
    913  1.618102e-008  1.370699e-003  7.957747e-002  0.000000e+000
    914  8.228287e-009  1.094065e-003  7.957747e-002  0.000000e+000
    915  1.098252e-008  1.204594e-003  7.957747e-002  0.000000e+000
    916  2.629560e-008  1.611515e-003  7.957747e-002  0.000000e+000
    917  7.409424e-009  1.056497e-003  7.957747e-002  0.000000e+000
    918  9.107366e-009  1.131716e-003  7.957747e-002  0.000000e+000
    919  5.795319e-009  9.734175e-004  7.957747e-002  0.000000e+000
    920  1.803340e-008  1.421126e-003  7.957747e-002  0.000000e+000
    921  4.559776e-009  8.986444e-004  7.957747e-002  0.000000e+000
    922  3.094052e-009  7.896766e-004  7.957747e-002  0.000000e+000
    923  1.791010e-008  1.417880e-003  7.957747e-002  0.000000e+000
    924  1.059433e-008  1.190231e-003  7.957747e-002  0.000000e+000
    925  1.146063e-008  1.221826e-003  7.957747e-002  0.000000e+000
    926  2.041950e-008  1.481228e-003  7.957747e-002  0.000000e+000
    927  4.544296e-009  8.976263e-004  7.957747e-002  0.000000e+000
    928  1.101722e-008  1.205861e-003  7.957747e-002  0.000000e+000
    929  2.848332e-008  1.655021e-003  7.957747e-002  0.000000e+000
    930  1.214983e-008  1.245843e-003  7.957747e-002  0.000000e+000
    931  1.355075e-008  1.291996e-003  7.957747e-002  0.000000e+000
    932  1.358552e-008  1.293100e-003  7.957747e-002  0.000000e+000
    933  1.348867e-008  1.290020e-003  7.957747e-002  0.000000e+000
    934  4.404884e-009  8.883515e-004  7.957747e-002  0.000000e+000
    935  1.324428e-008  1.282182e-003  7.957747e-002  0.000000e+000
    936  7.614477e-009  1.066154e-003  7.957747e-002  0.000000e+000
    937  7.383878e-009  1.055281e-003  7.957747e-002  0.000000e+000
    938  1.770844e-008  1.412538e-003  7.957747e-002  0.000000e+000
    939  6.046082e-009  9.872596e-004  7.957747e-002  0.000000e+000
    940  2.076881e-008  1.489626e-003  7.957747e-002  0.000000e+000
    941  6.575401e-009  1.015268e-003  7.957747e-002  0.000000e+000
    942  1.434338e-008  1.316711e-003  7.957747e-002  0.000000e+000
    943  3.604867e-009  8.309402e-004  7.957747e-002  0.000000e+000
    944  2.970450e-008  1.678343e-003  7.957747e-002  0.000000e+000
    945  5.298084e-009  9.447415e-004  7.957747e-002  0.000000e+000
    946  1.712762e-008  1.396923e-003  7.957747e-002  0.000000e+000
    947  7.284733e-009  1.050537e-003  7.957747e-002  0.000000e+000
    948  6.045576e-009  9.872321e-004  7.957747e-002  0.000000e+000
    949  4.660276e-009  9.051987e-004  7.957747e-002  0.000000e+000
    950  2.665318e-008  1.618787e-003  7.957747e-002  0.000000e+000
    951  1.554345e-008  1.352454e-003  7.957747e-002  0.000000e+000
    952  1.585056e-008  1.361303e-003  7.957747e-002  0.000000e+000
    953  3.632401e-008  1.794753e-003  7.957747e-002  0.000000e+000
    954  8.948194e-009  1.125085e-003  7.957747e-002  0.000000e+000
    955  2.752629e-009  7.594910e-004  7.957747e-002  0.000000e+000
    956  1.804123e-008  1.421332e-003  7.957747e-002  0.000000e+000
    957  1.937199e-008  1.455453e-003  7.957747e-002  0.000000e+000
    958  1.295991e-008  1.272938e-003  7.957747e-002  0.000000e+000
    959  2.450157e-008  1.574000e-003  7.957747e-002  0.000000e+000
    960  4.970896e-009  9.248791e-004  7.957747e-002  0.000000e+000
    961  1.330797e-008  1.284233e-003  7.957747e-002  0.000000e+000
    962  1.965846e-008  1.462592e-003  7.957747e-002  0.000000e+000
    963  4.259387e-009  8.784608e-004  7.957747e-002  0.000000e+000
    964  8.094627e-009  1.088109e-003  7.957747e-002  0.000000e+000
    965  1.181161e-008  1.234174e-003  7.957747e-002  0.000000e+000
    966  4.166061e-009  8.719975e-004  7.957747e-002  0.000000e+000
    967  7.257673e-009  1.049234e-003  7.957747e-002  0.000000e+000
    968  9.536940e-009  1.149237e-003  7.957747e-002  0.000000e+000
    969  1.038285e-008  1.182258e-003  7.957747e-002  0.000000e+000
    970  1.376103e-008  1.298645e-003  7.957747e-002  0.000000e+000
    971  1.910967e-008  1.448853e-003  7.957747e-002  0.000000e+000
    972  1.804907e-008  1.421538e-003  7.957747e-002  0.000000e+000
    973  2.004044e-008  1.472004e-003  7.957747e-002  0.000000e+000
    974  6.734287e-009  1.023381e-003  7.957747e-002  0.000000e+000
    975  2.134299e-009  6.977370e-004  7.957747e-002  0.000000e+000
    976  1.361137e-008  1.293920e-003  7.957747e-002  0.000000e+000
    977  1.416951e-008  1.311369e-003  7.957747e-002  0.000000e+000
    978  1.005514e-008  1.169686e-003  7.957747e-002  0.000000e+000
    979  1.153520e-008  1.224471e-003  7.957747e-002  0.000000e+000
    980  1.685229e-008  1.389397e-003  7.957747e-002  0.000000e+000
    981  1.830315e-008  1.428177e-003  7.957747e-002  0.000000e+000
    982  1.152547e-008  1.224127e-003  7.957747e-002  0.000000e+000
    983  1.240482e-008  1.254499e-003  7.957747e-002  0.000000e+000
    984  1.146164e-008  1.221863e-003  7.957747e-002  0.000000e+000
    985  8.590158e-009  1.109874e-003  7.957747e-002  0.000000e+000
    986  1.277475e-008  1.266847e-003  7.957747e-002  0.000000e+000
    987  6.649753e-009  1.019081e-003  7.957747e-002  0.000000e+000
    988  5.855949e-009  9.768003e-004  7.957747e-002  0.000000e+000
    989  1.185182e-008  1.235573e-003  7.957747e-002  0.000000e+000
    990  8.826550e-009  1.119963e-003  7.957747e-002  0.000000e+000
    991  1.176060e-008  1.232395e-003  7.957747e-002  0.000000e+000
    992  6.152813e-009  9.930351e-004  7.957747e-002  0.000000e+000
    993  3.960799e-009  8.574345e-004  7.957747e-002  0.000000e+000
    994  7.923197e-009  1.080373e-003  7.957747e-002  0.000000e+000
    995  1.177671e-008  1.232957e-003  7.957747e-002  0.000000e+000
    996  1.569868e-008  1.356941e-003  7.957747e-002  0.000000e+000
    997  1.373848e-008  1.297935e-003  7.957747e-002  0.000000e+000
    998  2.684034e-008  1.622567e-003  7.957747e-002  0.000000e+000
    999  1.311161e-008  1.277886e-003  7.957747e-002  0.000000e+000
   1000  1.962460e-008  1.461752e-003  7.957747e-002  0.000000e+000
