      1  1.264114e-012  5.406282e-005  6.250000e-002  0.000000e+000
      2  1.314602e-012  5.477320e-005  6.250000e-002  0.000000e+000
      3  1.630949e-012  5.389774e-005  4.800000e-002  0.000000e+000
      4  1.379365e-012  5.565828e-005  6.250000e-002  0.000000e+000
      5  9.206767e-013  5.272004e-005  7.957747e-002  0.000000e+000
      6  1.361105e-012  5.541159e-005  6.250000e-002  0.000000e+000
      7  9.624859e-013  5.350629e-005  7.957747e-002  0.000000e+000
      8  1.148152e-012  5.235640e-005  6.250000e-002  0.000000e+000
      9  1.008590e-012  5.434734e-005  7.957747e-002  0.000000e+000
     10  1.151078e-012  5.240085e-005  6.250000e-002  0.000000e+000
     11  1.145732e-012  5.670670e-005  7.957747e-002  0.000000e+000
     12  1.426829e-012  6.100948e-005  7.957747e-002  0.000000e+000
     13  1.582147e-012  5.826203e-005  6.250000e-002  0.000000e+000
     14  1.877421e-012  5.648645e-005  4.800000e-002  0.000000e+000
     15  9.662300e-013  5.357558e-005  7.957747e-002  0.000000e+000
     16  1.196305e-012  5.307833e-005  6.250000e-002  0.000000e+000
     17  1.674662e-012  5.437502e-005  4.800000e-002  0.000000e+000
     18  1.320370e-012  5.485319e-005  6.250000e-002  0.000000e+000
     19  1.668739e-012  5.431084e-005  4.800000e-002  0.000000e+000
     20  1.084054e-012  5.567031e-005  7.957747e-002  0.000000e+000
     21  9.217859e-013  5.274121e-005  7.957747e-002  0.000000e+000
     22  1.499131e-012  5.240470e-005  4.800000e-002  0.000000e+000
     23  1.090361e-012  5.146281e-005  6.250000e-002  0.000000e+000
     24  1.140532e-012  5.224032e-005  6.250000e-002  0.000000e+000
     25  1.287442e-012  5.439337e-005  6.250000e-002  0.000000e+000
     26  1.192002e-012  5.301462e-005  6.250000e-002  0.000000e+000
     27  1.078214e-012  5.127098e-005  6.250000e-002  0.000000e+000
     28  1.563448e-012  5.314367e-005  4.800000e-002  0.000000e+000
     29  1.871646e-012  5.642847e-005  4.800000e-002  0.000000e+000
     30  1.073367e-012  5.548678e-005  7.957747e-002  0.000000e+000
     31  8.422576e-013  5.117859e-005  7.957747e-002  0.000000e+000
     32  1.113789e-012  5.182878e-005  6.250000e-002  0.000000e+000
     33  1.583678e-012  5.337190e-005  4.800000e-002  0.000000e+000
     34  1.117538e-012  5.188686e-005  6.250000e-002  0.000000e+000
     35  1.870434e-012  5.641630e-005  4.800000e-002  0.000000e+000
     36  1.052238e-012  5.512027e-005  7.957747e-002  0.000000e+000
     37  1.404894e-012  5.599955e-005  6.250000e-002  0.000000e+000
     38  1.146554e-012  5.233211e-005  6.250000e-002  0.000000e+000
     39  1.527849e-012  5.273722e-005  4.800000e-002  0.000000e+000
     40  8.870520e-013  5.207026e-005  7.957747e-002  0.000000e+000
     41  1.160735e-012  5.254698e-005  6.250000e-002  0.000000e+000
     42  1.448479e-012  5.180772e-005  4.800000e-002  0.000000e+000
     43  9.400651e-013  5.308755e-005  7.957747e-002  0.000000e+000
     44  1.162363e-012  5.257153e-005  6.250000e-002  0.000000e+000
     45  1.747927e-012  5.515669e-005  4.800000e-002  0.000000e+000
     46  1.160547e-012  5.254414e-005  6.250000e-002  0.000000e+000
     47  1.741667e-012  5.509076e-005  4.800000e-002  0.000000e+000
     48  1.180440e-012  5.284266e-005  6.250000e-002  0.000000e+000
     49  9.218490e-013  5.274241e-005  7.957747e-002  0.000000e+000
     50  1.156853e-012  5.688959e-005  7.957747e-002  0.000000e+000
     51  1.856464e-012  5.627549e-005  4.800000e-002  0.000000e+000
     52  1.063670e-012  5.531917e-005  7.957747e-002  0.000000e+000
     53  1.299914e-012  5.456844e-005  6.250000e-002  0.000000e+000
     54  1.787514e-012  5.556998e-005  4.800000e-002  0.000000e+000
     55  2.413019e-012  6.141541e-005  4.800000e-002  0.000000e+000
     56  1.547787e-012  5.296563e-005  4.800000e-002  0.000000e+000
     57  1.606449e-012  5.362650e-005  4.800000e-002  0.000000e+000
     58  1.354421e-012  5.532073e-005  6.250000e-002  0.000000e+000
     59  1.201944e-012  5.761932e-005  7.957747e-002  0.000000e+000
     60  1.750106e-012  6.025477e-005  6.250000e-002  0.000000e+000
     61  9.999640e-013  5.419196e-005  7.957747e-002  0.000000e+000
     62  1.551278e-012  5.300542e-005  4.800000e-002  0.000000e+000
     63  1.595377e-012  5.350301e-005  4.800000e-002  0.000000e+000
     64  1.199204e-012  5.312118e-005  6.250000e-002  0.000000e+000
     65  1.643942e-012  5.404048e-005  4.800000e-002  0.000000e+000
     66  8.775559e-013  5.188378e-005  7.957747e-002  0.000000e+000
     67  1.705393e-012  5.470562e-005  4.800000e-002  0.000000e+000
     68  1.182236e-012  5.286944e-005  6.250000e-002  0.000000e+000
     69  1.372416e-012  5.556466e-005  6.250000e-002  0.000000e+000
     70  1.261279e-012  5.402239e-005  6.250000e-002  0.000000e+000
     71  1.688066e-012  5.451971e-005  4.800000e-002  0.000000e+000
     72  1.305024e-012  5.463984e-005  6.250000e-002  0.000000e+000
     73  1.128773e-012  5.206017e-005  6.250000e-002  0.000000e+000
     74  1.282043e-012  5.431722e-005  6.250000e-002  0.000000e+000
     75  9.562717e-013  5.339089e-005  7.957747e-002  0.000000e+000
     76  1.432118e-012  5.161191e-005  4.800000e-002  0.000000e+000
     77  9.094951e-013  5.250575e-005  7.957747e-002  0.000000e+000
     78  1.100621e-012  5.162371e-005  6.250000e-002  0.000000e+000
     79  1.139710e-012  5.222777e-005  6.250000e-002  0.000000e+000
     80  1.664339e-012  5.426307e-005  4.800000e-002  0.000000e+000
     81  1.045079e-012  5.499499e-005  7.957747e-002  0.000000e+000
     82  1.216858e-012  5.785666e-005  7.957747e-002  0.000000e+000
     83  1.987989e-012  5.757426e-005  4.800000e-002  0.000000e+000
     84  1.838849e-012  5.609693e-005  4.800000e-002  0.000000e+000
     85  9.512382e-013  5.329705e-005  7.957747e-002  0.000000e+000
     86  1.901767e-012  5.672957e-005  4.800000e-002  0.000000e+000
     87  9.106001e-013  5.252700e-005  7.957747e-002  0.000000e+000
     88  9.474061e-013  5.322538e-005  7.957747e-002  0.000000e+000
     89  1.118117e-012  5.624741e-005  7.957747e-002  0.000000e+000
     90  1.298162e-012  5.454392e-005  6.250000e-002  0.000000e+000
     91  9.950414e-013  5.410289e-005  7.957747e-002  0.000000e+000
     92  1.111261e-012  5.178954e-005  6.250000e-002  0.000000e+000
     93  1.387651e-012  5.576951e-005  6.250000e-002  0.000000e+000
     94  9.152172e-013  5.261563e-005  7.957747e-002  0.000000e+000
     95  1.134741e-012  5.215176e-005  6.250000e-002  0.000000e+000
     96  1.371485e-012  5.555209e-005  6.250000e-002  0.000000e+000
     97  9.089738e-013  5.249571e-005  7.957747e-002  0.000000e+000
     98  1.287292e-012  5.439125e-005  6.250000e-002  0.000000e+000
     99  1.581661e-012  5.334924e-005  4.800000e-002  0.000000e+000
    100  1.452349e-012  5.185382e-005  4.800000e-002  0.000000e+000
    101  1.691379e-012  5.455535e-005  4.800000e-002  0.000000e+000
    102  1.215054e-012  5.335418e-005  6.250000e-002  0.000000e+000
    103  1.558808e-012  5.309104e-005  4.800000e-002  0.000000e+000
    104  9.735575e-013  5.371067e-005  7.957747e-002  0.000000e+000
    105  1.119728e-012  5.192074e-005  6.250000e-002  0.000000e+000
    106  8.955393e-013  5.223580e-005  7.957747e-002  0.000000e+000
    107  1.076385e-012  5.124198e-005  6.250000e-002  0.000000e+000
    108  1.162919e-012  5.257990e-005  6.250000e-002  0.000000e+000
    109  1.237230e-012  5.367683e-005  6.250000e-002  0.000000e+000
    110  1.208275e-012  5.772031e-005  7.957747e-002  0.000000e+000
    111  1.202691e-012  5.317262e-005  6.250000e-002  0.000000e+000
    112  1.722214e-012  5.488489e-005  4.800000e-002  0.000000e+000
    113  1.809054e-012  5.579230e-005  4.800000e-002  0.000000e+000
    114  1.167249e-012  5.264509e-005  6.250000e-002  0.000000e+000
    115  1.159106e-012  5.252238e-005  6.250000e-002  0.000000e+000
    116  1.276722e-012  5.424196e-005  6.250000e-002  0.000000e+000
    117  1.119592e-012  5.627213e-005  7.957747e-002  0.000000e+000
    118  1.031129e-012  5.474920e-005  7.957747e-002  0.000000e+000
    119  1.835597e-012  5.606385e-005  4.800000e-002  0.000000e+000
    120  1.566239e-012  5.806610e-005  6.250000e-002  0.000000e+000
    121  2.091426e-012  5.855598e-005  4.800000e-002  0.000000e+000
    122  1.845127e-012  6.132611e-005  6.250000e-002  0.000000e+000
    123  1.612698e-012  5.863465e-005  6.250000e-002  0.000000e+000
    124  9.778590e-013  5.378966e-005  7.957747e-002  0.000000e+000
    125  1.877643e-012  5.648868e-005  4.800000e-002  0.000000e+000
    126  1.502133e-012  5.243966e-005  4.800000e-002  0.000000e+000
    127  1.678794e-012  5.942499e-005  6.250000e-002  0.000000e+000
    128  1.406344e-012  5.130042e-005  4.800000e-002  0.000000e+000
    129  9.394873e-013  5.307667e-005  7.957747e-002  0.000000e+000
    130  1.198882e-012  5.311642e-005  6.250000e-002  0.000000e+000
    131  8.745623e-013  5.182472e-005  7.957747e-002  0.000000e+000
    132  1.466522e-012  5.202195e-005  4.800000e-002  0.000000e+000
    133  9.831416e-013  5.388635e-005  7.957747e-002  0.000000e+000
    134  9.065633e-013  5.244927e-005  7.957747e-002  0.000000e+000
    135  1.011988e-012  5.440830e-005  7.957747e-002  0.000000e+000
    136  1.445142e-012  5.176790e-005  4.800000e-002  0.000000e+000
    137  1.386852e-012  5.106231e-005  4.800000e-002  0.000000e+000
    138  1.114137e-012  5.183418e-005  6.250000e-002  0.000000e+000
    139  2.234160e-012  5.985887e-005  4.800000e-002  0.000000e+000
    140  1.232333e-012  5.360591e-005  6.250000e-002  0.000000e+000
    141  2.397105e-012  6.128009e-005  4.800000e-002  0.000000e+000
    142  1.188398e-012  5.740204e-005  7.957747e-002  0.000000e+000
    143  1.034027e-012  5.480044e-005  7.957747e-002  0.000000e+000
    144  1.189352e-012  5.297530e-005  6.250000e-002  0.000000e+000
    145  1.604915e-012  5.360941e-005  4.800000e-002  0.000000e+000
    146  1.718895e-012  5.484960e-005  4.800000e-002  0.000000e+000
    147  1.167834e-012  5.265388e-005  6.250000e-002  0.000000e+000
    148  1.474688e-012  5.211832e-005  4.800000e-002  0.000000e+000
    149  1.266013e-012  5.408989e-005  6.250000e-002  0.000000e+000
    150  1.173458e-012  5.716048e-005  7.957747e-002  0.000000e+000
    151  9.692850e-013  5.363198e-005  7.957747e-002  0.000000e+000
    152  1.128367e-012  5.205392e-005  6.250000e-002  0.000000e+000
    153  1.601692e-012  5.357351e-005  4.800000e-002  0.000000e+000
    154  1.741042e-012  5.508417e-005  4.800000e-002  0.000000e+000
    155  1.558406e-012  5.796914e-005  6.250000e-002  0.000000e+000
    156  1.851738e-012  5.622769e-005  4.800000e-002  0.000000e+000
    157  1.032569e-012  5.477467e-005  7.957747e-002  0.000000e+000
    158  1.046712e-012  5.502361e-005  7.957747e-002  0.000000e+000
    159  1.455671e-012  5.189332e-005  4.800000e-002  0.000000e+000
    160  1.171718e-012  5.271219e-005  6.250000e-002  0.000000e+000
    161  1.117362e-012  5.188415e-005  6.250000e-002  0.000000e+000
    162  1.132518e-012  5.211768e-005  6.250000e-002  0.000000e+000
    163  1.442827e-012  5.174025e-005  4.800000e-002  0.000000e+000
    164  9.840971e-013  5.390380e-005  7.957747e-002  0.000000e+000
    165  1.157000e-012  5.249055e-005  6.250000e-002  0.000000e+000
    166  1.181770e-012  5.286249e-005  6.250000e-002  0.000000e+000
    167  1.552527e-012  5.301965e-005  4.800000e-002  0.000000e+000
    168  1.495714e-012  5.236485e-005  4.800000e-002  0.000000e+000
    169  1.227320e-012  5.353312e-005  6.250000e-002  0.000000e+000
    170  9.338133e-013  5.296960e-005  7.957747e-002  0.000000e+000
    171  1.336687e-012  5.507823e-005  6.250000e-002  0.000000e+000
    172  2.085635e-012  5.850189e-005  4.800000e-002  0.000000e+000
    173  9.160741e-013  5.263205e-005  7.957747e-002  0.000000e+000
    174  1.404312e-012  5.599181e-005  6.250000e-002  0.000000e+000
    175  2.097129e-012  5.860916e-005  4.800000e-002  0.000000e+000
    176  1.650139e-012  5.410830e-005  4.800000e-002  0.000000e+000
    177  1.526208e-012  5.271833e-005  4.800000e-002  0.000000e+000
    178  1.073129e-012  5.119026e-005  6.250000e-002  0.000000e+000
    179  1.341808e-012  5.514847e-005  6.250000e-002  0.000000e+000
    180  1.521195e-012  5.750403e-005  6.250000e-002  0.000000e+000
    181  1.730777e-012  6.003213e-005  6.250000e-002  0.000000e+000
    182  2.241447e-012  5.992388e-005  4.800000e-002  0.000000e+000
    183  1.139104e-012  5.221851e-005  6.250000e-002  0.000000e+000
    184  1.229659e-012  5.356711e-005  6.250000e-002  0.000000e+000
    185  1.646576e-012  5.406933e-005  4.800000e-002  0.000000e+000
    186  1.152956e-012  5.242932e-005  6.250000e-002  0.000000e+000
    187  8.620195e-013  5.157577e-005  7.957747e-002  0.000000e+000
    188  9.808321e-013  5.384412e-005  7.957747e-002  0.000000e+000
    189  1.552567e-012  5.789665e-005  6.250000e-002  0.000000e+000
    190  1.132625e-012  5.211931e-005  6.250000e-002  0.000000e+000
    191  1.745535e-012  5.513151e-005  4.800000e-002  0.000000e+000
    192  1.236677e-012  5.366883e-005  6.250000e-002  0.000000e+000
    193  8.857116e-013  5.204402e-005  7.957747e-002  0.000000e+000
    194  1.522356e-012  5.751866e-005  6.250000e-002  0.000000e+000
    195  8.874958e-013  5.207894e-005  7.957747e-002  0.000000e+000
    196  1.081807e-012  5.132788e-005  6.250000e-002  0.000000e+000
    197  8.797401e-013  5.192679e-005  7.957747e-002  0.000000e+000
    198  9.933463e-013  5.407215e-005  7.957747e-002  0.000000e+000
    199  1.243359e-012  5.376531e-005  6.250000e-002  0.000000e+000
    200  9.048512e-013  5.241623e-005  7.957747e-002  0.000000e+000
    201  1.284011e-012  5.434499e-005  6.250000e-002  0.000000e+000
    202  1.119771e-012  5.627512e-005  7.957747e-002  0.000000e+000
    203  1.358618e-012  5.537781e-005  6.250000e-002  0.000000e+000
    204  1.794849e-012  5.564588e-005  4.800000e-002  0.000000e+000
    205  1.365104e-012  5.546579e-005  6.250000e-002  0.000000e+000
    206  9.588787e-013  5.343936e-005  7.957747e-002  0.000000e+000
    207  1.107456e-012  5.173035e-005  6.250000e-002  0.000000e+000
    208  1.187690e-012  5.295062e-005  6.250000e-002  0.000000e+000
    209  8.568751e-013  5.147297e-005  7.957747e-002  0.000000e+000
    210  1.417519e-012  5.143594e-005  4.800000e-002  0.000000e+000
    211  1.413155e-012  5.138311e-005  4.800000e-002  0.000000e+000
    212  1.690938e-012  5.455062e-005  4.800000e-002  0.000000e+000
    213  9.467962e-013  5.321396e-005  7.957747e-002  0.000000e+000
    214  1.001978e-012  5.422832e-005  7.957747e-002  0.000000e+000
    215  1.142632e-012  5.227236e-005  6.250000e-002  0.000000e+000
    216  1.447229e-012  5.179281e-005  4.800000e-002  0.000000e+000
    217  1.181792e-012  5.286282e-005  6.250000e-002  0.000000e+000
    218  1.229854e-012  5.356994e-005  6.250000e-002  0.000000e+000
    219  1.511977e-012  5.255396e-005  4.800000e-002  0.000000e+000
    220  1.184250e-012  5.289945e-005  6.250000e-002  0.000000e+000
    221  1.837294e-012  6.123920e-005  6.250000e-002  0.000000e+000
    222  1.220634e-012  5.791644e-005  7.957747e-002  0.000000e+000
    223  1.750059e-012  6.025423e-005  6.250000e-002  0.000000e+000
    224  1.413601e-012  5.138851e-005  4.800000e-002  0.000000e+000
    225  8.387417e-013  5.110728e-005  7.957747e-002  0.000000e+000
    226  1.164127e-012  5.259810e-005  6.250000e-002  0.000000e+000
    227  2.908531e-012  6.536044e-005  4.800000e-002  0.000000e+000
    228  1.076622e-012  5.554280e-005  7.957747e-002  0.000000e+000
    229  1.133827e-012  5.213776e-005  6.250000e-002  0.000000e+000
    230  1.091168e-012  5.147550e-005  6.250000e-002  0.000000e+000
    231  1.441386e-012  5.648027e-005  6.250000e-002  0.000000e+000
    232  8.614917e-013  5.156524e-005  7.957747e-002  0.000000e+000
    233  2.403606e-012  6.133545e-005  4.800000e-002  0.000000e+000
    234  1.236283e-012  5.366313e-005  6.250000e-002  0.000000e+000
    235  1.498266e-012  5.239462e-005  4.800000e-002  0.000000e+000
    236  1.884593e-012  5.655829e-005  4.800000e-002  0.000000e+000
    237  1.031767e-012  5.476048e-005  7.957747e-002  0.000000e+000
    238  1.665281e-012  5.427330e-005  4.800000e-002  0.000000e+000
    239  1.920586e-012  6.215097e-005  6.250000e-002  0.000000e+000
    240  1.124544e-012  5.199507e-005  6.250000e-002  0.000000e+000
    241  9.653011e-013  5.355841e-005  7.957747e-002  0.000000e+000
    242  1.345327e-012  5.519663e-005  6.250000e-002  0.000000e+000
    243  8.320344e-013  5.097068e-005  7.957747e-002  0.000000e+000
    244  1.574086e-012  5.326393e-005  4.800000e-002  0.000000e+000
    245  1.140301e-012  5.223679e-005  6.250000e-002  0.000000e+000
    246  9.749907e-013  5.373702e-005  7.957747e-002  0.000000e+000
    247  9.435212e-013  5.315253e-005  7.957747e-002  0.000000e+000
    248  1.191643e-012  5.300930e-005  6.250000e-002  0.000000e+000
    249  1.627723e-012  5.881619e-005  6.250000e-002  0.000000e+000
    250  1.667818e-012  5.430086e-005  4.800000e-002  0.000000e+000
    251  1.481685e-012  5.220063e-005  4.800000e-002  0.000000e+000
    252  1.067130e-012  5.537909e-005  7.957747e-002  0.000000e+000
    253  1.584193e-012  5.337769e-005  4.800000e-002  0.000000e+000
    254  1.841902e-012  5.612796e-005  4.800000e-002  0.000000e+000
    255  1.196143e-012  5.752647e-005  7.957747e-002  0.000000e+000
    256  1.295532e-012  5.450705e-005  6.250000e-002  0.000000e+000
    257  1.543993e-012  5.292231e-005  4.800000e-002  0.000000e+000
    258  1.510019e-012  5.253127e-005  4.800000e-002  0.000000e+000
    259  1.773286e-012  5.542215e-005  4.800000e-002  0.000000e+000
    260  1.633236e-012  5.888251e-005  6.250000e-002  0.000000e+000
    261  1.485055e-012  5.704498e-005  6.250000e-002  0.000000e+000
    262  1.713188e-012  5.478884e-005  4.800000e-002  0.000000e+000
    263  1.494633e-012  5.235224e-005  4.800000e-002  0.000000e+000
    264  1.195954e-012  5.307314e-005  6.250000e-002  0.000000e+000
    265  1.461225e-012  6.149584e-005  7.957747e-002  0.000000e+000
    266  1.422220e-012  5.622882e-005  6.250000e-002  0.000000e+000
    267  9.700467e-013  5.364603e-005  7.957747e-002  0.000000e+000
    268  9.576705e-013  5.341691e-005  7.957747e-002  0.000000e+000
    269  1.607148e-012  5.363427e-005  4.800000e-002  0.000000e+000
    270  3.206060e-012  6.751718e-005  4.800000e-002  0.000000e+000
    271  8.908836e-013  5.214512e-005  7.957747e-002  0.000000e+000
    272  8.548433e-013  5.143225e-005  7.957747e-002  0.000000e+000
    273  8.868537e-013  5.206638e-005  7.957747e-002  0.000000e+000
    274  8.868044e-013  5.206541e-005  7.957747e-002  0.000000e+000
    275  2.051720e-012  5.818305e-005  4.800000e-002  0.000000e+000
    276  1.180068e-012  5.283710e-005  6.250000e-002  0.000000e+000
    277  9.805916e-013  5.383972e-005  7.957747e-002  0.000000e+000
    278  1.033694e-012  5.479455e-005  7.957747e-002  0.000000e+000
    279  1.063469e-012  5.531568e-005  7.957747e-002  0.000000e+000
    280  1.177463e-012  5.722543e-005  7.957747e-002  0.000000e+000
    281  3.274349e-012  6.799319e-005  4.800000e-002  0.000000e+000
    282  1.514974e-012  5.742553e-005  6.250000e-002  0.000000e+000
    283  9.844240e-013  5.390976e-005  7.957747e-002  0.000000e+000
    284  1.503333e-012  5.245362e-005  4.800000e-002  0.000000e+000
    285  1.499967e-012  5.241444e-005  4.800000e-002  0.000000e+000
    286  1.139223e-012  5.222032e-005  6.250000e-002  0.000000e+000
    287  1.463067e-012  5.198106e-005  4.800000e-002  0.000000e+000
    288  1.651798e-012  5.412643e-005  4.800000e-002  0.000000e+000
    289  1.676314e-012  5.439290e-005  4.800000e-002  0.000000e+000
    290  1.466958e-012  5.202710e-005  4.800000e-002  0.000000e+000
    291  2.317546e-012  6.616772e-005  6.250000e-002  0.000000e+000
    292  1.159043e-012  5.252143e-005  6.250000e-002  0.000000e+000
    293  1.269795e-012  5.414369e-005  6.250000e-002  0.000000e+000
    294  1.640039e-012  5.896416e-005  6.250000e-002  0.000000e+000
    295  8.760382e-013  5.185386e-005  7.957747e-002  0.000000e+000
    296  1.390320e-012  5.580523e-005  6.250000e-002  0.000000e+000
    297  1.728525e-012  5.495185e-005  4.800000e-002  0.000000e+000
    298  1.693451e-012  5.457762e-005  4.800000e-002  0.000000e+000
    299  8.712161e-013  5.175854e-005  7.957747e-002  0.000000e+000
    300  1.457415e-012  5.191404e-005  4.800000e-002  0.000000e+000
    301  1.531610e-012  5.278046e-005  4.800000e-002  0.000000e+000
    302  9.329942e-013  5.295411e-005  7.957747e-002  0.000000e+000
    303  9.714353e-013  5.367162e-005  7.957747e-002  0.000000e+000
    304  1.125841e-012  5.201504e-005  6.250000e-002  0.000000e+000
    305  1.018377e-012  5.452256e-005  7.957747e-002  0.000000e+000
    306  9.100926e-013  5.251724e-005  7.957747e-002  0.000000e+000
    307  1.696686e-012  5.461236e-005  4.800000e-002  0.000000e+000
    308  9.625440e-013  5.350737e-005  7.957747e-002  0.000000e+000
    309  9.653118e-013  5.355860e-005  7.957747e-002  0.000000e+000
    310  1.484592e-012  5.703906e-005  6.250000e-002  0.000000e+000
    311  1.085835e-012  5.139150e-005  6.250000e-002  0.000000e+000
    312  1.512129e-012  5.255572e-005  4.800000e-002  0.000000e+000
    313  8.640352e-013  5.161594e-005  7.957747e-002  0.000000e+000
    314  8.713634e-013  5.176146e-005  7.957747e-002  0.000000e+000
    315  1.093714e-012  5.151550e-005  6.250000e-002  0.000000e+000
    316  9.194053e-013  5.269576e-005  7.957747e-002  0.000000e+000
    317  1.418590e-012  5.144889e-005  4.800000e-002  0.000000e+000
    318  1.390437e-012  5.110627e-005  4.800000e-002  0.000000e+000
    319  1.177955e-012  5.280554e-005  6.250000e-002  0.000000e+000
    320  1.078843e-012  5.128095e-005  6.250000e-002  0.000000e+000
    321  9.031845e-013  5.238402e-005  7.957747e-002  0.000000e+000
    322  1.585181e-012  5.338879e-005  4.800000e-002  0.000000e+000
    323  8.620713e-013  5.157680e-005  7.957747e-002  0.000000e+000
    324  8.739694e-013  5.181301e-005  7.957747e-002  0.000000e+000
    325  1.075928e-012  5.123472e-005  6.250000e-002  0.000000e+000
    326  9.658290e-013  5.356817e-005  7.957747e-002  0.000000e+000
    327  1.090271e-012  5.146138e-005  6.250000e-002  0.000000e+000
    328  2.030095e-012  5.797791e-005  4.800000e-002  0.000000e+000
    329  1.097115e-012  5.589301e-005  7.957747e-002  0.000000e+000
    330  1.069801e-012  5.542525e-005  7.957747e-002  0.000000e+000
    331  1.108066e-012  5.173985e-005  6.250000e-002  0.000000e+000
    332  1.039284e-012  5.489315e-005  7.957747e-002  0.000000e+000
    333  1.671304e-012  5.433865e-005  4.800000e-002  0.000000e+000
    334  1.305668e-012  5.464884e-005  6.250000e-002  0.000000e+000
    335  8.360500e-013  5.105255e-005  7.957747e-002  0.000000e+000
    336  1.458396e-012  5.670158e-005  6.250000e-002  0.000000e+000
    337  8.225778e-013  5.077684e-005  7.957747e-002  0.000000e+000
    338  1.123389e-012  5.197725e-005  6.250000e-002  0.000000e+000
    339  1.525494e-012  5.755815e-005  6.250000e-002  0.000000e+000
    340  1.385952e-012  5.574673e-005  6.250000e-002  0.000000e+000
    341  1.002094e-012  5.423041e-005  7.957747e-002  0.000000e+000
    342  9.626998e-013  5.351025e-005  7.957747e-002  0.000000e+000
    343  1.130588e-012  5.208805e-005  6.250000e-002  0.000000e+000
    344  1.612317e-012  5.369171e-005  4.800000e-002  0.000000e+000
    345  9.002342e-013  5.232692e-005  7.957747e-002  0.000000e+000
    346  1.132243e-012  5.211346e-005  6.250000e-002  0.000000e+000
    347  8.520157e-013  5.137548e-005  7.957747e-002  0.000000e+000
    348  8.578113e-013  5.149171e-005  7.957747e-002  0.000000e+000
    349  1.573629e-012  5.325878e-005  4.800000e-002  0.000000e+000
    350  1.177842e-012  5.280386e-005  6.250000e-002  0.000000e+000
    351  8.472059e-013  5.127862e-005  7.957747e-002  0.000000e+000
    352  1.244103e-012  5.377604e-005  6.250000e-002  0.000000e+000
    353  1.174042e-012  5.274702e-005  6.250000e-002  0.000000e+000
    354  1.295644e-012  5.450862e-005  6.250000e-002  0.000000e+000
    355  1.261867e-012  5.403078e-005  6.250000e-002  0.000000e+000
    356  1.030848e-012  5.474422e-005  7.957747e-002  0.000000e+000
    357  8.871573e-013  5.207232e-005  7.957747e-002  0.000000e+000
    358  1.103398e-012  5.599950e-005  7.957747e-002  0.000000e+000
    359  1.398248e-012  5.591110e-005  6.250000e-002  0.000000e+000
    360  1.348072e-012  5.523416e-005  6.250000e-002  0.000000e+000
    361  1.743751e-012  5.511273e-005  4.800000e-002  0.000000e+000
    362  1.489170e-012  5.709763e-005  6.250000e-002  0.000000e+000
    363  1.318899e-012  5.483281e-005  6.250000e-002  0.000000e+000
    364  1.505022e-012  5.247326e-005  4.800000e-002  0.000000e+000
    365  1.978973e-012  5.748709e-005  4.800000e-002  0.000000e+000
    366  1.293549e-012  5.447923e-005  6.250000e-002  0.000000e+000
    367  1.618052e-012  5.375529e-005  4.800000e-002  0.000000e+000
    368  1.124613e-012  5.635612e-005  7.957747e-002  0.000000e+000
    369  1.649666e-012  5.410314e-005  4.800000e-002  0.000000e+000
    370  1.396338e-012  5.588564e-005  6.250000e-002  0.000000e+000
    371  1.111501e-012  5.179326e-005  6.250000e-002  0.000000e+000
    372  1.476298e-012  5.213729e-005  4.800000e-002  0.000000e+000
    373  1.505050e-012  5.247358e-005  4.800000e-002  0.000000e+000
    374  1.162248e-012  5.256980e-005  6.250000e-002  0.000000e+000
    375  2.084591e-012  5.849212e-005  4.800000e-002  0.000000e+000
    376  1.074268e-012  5.550230e-005  7.957747e-002  0.000000e+000
    377  9.519483e-013  5.331030e-005  7.957747e-002  0.000000e+000
    378  9.554473e-013  5.337554e-005  7.957747e-002  0.000000e+000
    379  1.816695e-012  5.587074e-005  4.800000e-002  0.000000e+000
    380  1.373293e-012  5.557649e-005  6.250000e-002  0.000000e+000
    381  1.285124e-012  5.436070e-005  6.250000e-002  0.000000e+000
    382  1.347677e-012  5.522876e-005  6.250000e-002  0.000000e+000
    383  1.166925e-012  5.264021e-005  6.250000e-002  0.000000e+000
    384  9.431231e-013  5.314505e-005  7.957747e-002  0.000000e+000
    385  1.565734e-012  5.316957e-005  4.800000e-002  0.000000e+000
    386  1.666921e-012  5.429111e-005  4.800000e-002  0.000000e+000
    387  1.360548e-012  5.540402e-005  6.250000e-002  0.000000e+000
    388  1.194332e-012  5.304914e-005  6.250000e-002  0.000000e+000
    389  8.695560e-013  5.172564e-005  7.957747e-002  0.000000e+000
    390  1.505198e-012  5.730175e-005  6.250000e-002  0.000000e+000
    391  8.627363e-013  5.159006e-005  7.957747e-002  0.000000e+000
    392  1.337586e-012  5.509056e-005  6.250000e-002  0.000000e+000
    393  1.178388e-012  5.281203e-005  6.250000e-002  0.000000e+000
    394  9.855530e-013  5.393037e-005  7.957747e-002  0.000000e+000
    395  1.014033e-012  5.444492e-005  7.957747e-002  0.000000e+000
    396  1.662865e-012  5.424704e-005  4.800000e-002  0.000000e+000
    397  1.287071e-012  5.438814e-005  6.250000e-002  0.000000e+000
    398  8.921400e-013  5.216963e-005  7.957747e-002  0.000000e+000
    399  1.474224e-012  5.690597e-005  6.250000e-002  0.000000e+000
    400  1.043569e-012  5.496848e-005  7.957747e-002  0.000000e+000
    401  1.708190e-012  5.473551e-005  4.800000e-002  0.000000e+000
    402  1.071532e-012  5.545514e-005  7.957747e-002  0.000000e+000
    403  1.434472e-012  5.164018e-005  4.800000e-002  0.000000e+000
    404  1.297076e-012  5.452869e-005  6.250000e-002  0.000000e+000
    405  1.105244e-012  5.169590e-005  6.250000e-002  0.000000e+000
    406  1.171318e-012  5.270619e-005  6.250000e-002  0.000000e+000
    407  1.491085e-012  5.231078e-005  4.800000e-002  0.000000e+000
    408  1.540808e-012  5.288590e-005  4.800000e-002  0.000000e+000
    409  9.923515e-013  5.405409e-005  7.957747e-002  0.000000e+000
    410  1.738256e-012  5.505477e-005  4.800000e-002  0.000000e+000
    411  8.467584e-013  5.126959e-005  7.957747e-002  0.000000e+000
    412  1.410749e-012  5.135393e-005  4.800000e-002  0.000000e+000
    413  1.533746e-012  5.280498e-005  4.800000e-002  0.000000e+000
    414  1.612397e-012  5.369259e-005  4.800000e-002  0.000000e+000
    415  1.458149e-012  5.192275e-005  4.800000e-002  0.000000e+000
    416  1.362153e-012  5.542580e-005  6.250000e-002  0.000000e+000
    417  2.038567e-012  5.805844e-005  4.800000e-002  0.000000e+000
    418  1.209438e-012  5.327186e-005  6.250000e-002  0.000000e+000
    419  1.093763e-012  5.151628e-005  6.250000e-002  0.000000e+000
    420  1.030434e-012  5.473689e-005  7.957747e-002  0.000000e+000
    421  9.376510e-013  5.304207e-005  7.957747e-002  0.000000e+000
    422  8.629443e-013  5.159421e-005  7.957747e-002  0.000000e+000
    423  1.511011e-012  5.254277e-005  4.800000e-002  0.000000e+000
    424  1.086696e-012  5.140507e-005  6.250000e-002  0.000000e+000
    425  1.467663e-012  5.203544e-005  4.800000e-002  0.000000e+000
    426  1.020111e-012  5.455349e-005  7.957747e-002  0.000000e+000
    427  1.286023e-012  5.437337e-005  6.250000e-002  0.000000e+000
    428  1.610214e-012  5.860453e-005  6.250000e-002  0.000000e+000
    429  1.666075e-012  6.424484e-005  7.957747e-002  0.000000e+000
    430  2.201792e-012  7.050157e-005  7.957747e-002  0.000000e+000
    431  1.011906e-012  5.440683e-005  7.957747e-002  0.000000e+000
    432  1.299084e-012  5.455683e-005  6.250000e-002  0.000000e+000
    433  1.291992e-012  5.445736e-005  6.250000e-002  0.000000e+000
    434  1.489070e-012  5.228721e-005  4.800000e-002  0.000000e+000
    435  8.603304e-013  5.154206e-005  7.957747e-002  0.000000e+000
    436  1.167645e-012  5.265104e-005  6.250000e-002  0.000000e+000
    437  8.785369e-013  5.190311e-005  7.957747e-002  0.000000e+000
    438  1.204451e-012  5.319854e-005  6.250000e-002  0.000000e+000
    439  1.407196e-012  5.603012e-005  6.250000e-002  0.000000e+000
    440  2.803409e-012  7.050157e-005  6.250000e-002  0.000000e+000
    441  9.350039e-013  5.299211e-005  7.957747e-002  0.000000e+000
    442  1.154667e-012  5.685373e-005  7.957747e-002  0.000000e+000
    443  9.642543e-013  5.353904e-005  7.957747e-002  0.000000e+000
    444  1.863843e-012  5.634995e-005  4.800000e-002  0.000000e+000
    445  8.748572e-013  5.183054e-005  7.957747e-002  0.000000e+000
    446  9.335462e-013  5.296455e-005  7.957747e-002  0.000000e+000
    447  1.170220e-012  5.268972e-005  6.250000e-002  0.000000e+000
    448  1.040408e-012  5.491293e-005  7.957747e-002  0.000000e+000
    449  1.505048e-012  5.729985e-005  6.250000e-002  0.000000e+000
    450  9.010516e-013  5.234276e-005  7.957747e-002  0.000000e+000
    451  9.288007e-013  5.287466e-005  7.957747e-002  0.000000e+000
    452  1.098722e-012  5.159401e-005  6.250000e-002  0.000000e+000
    453  1.572749e-012  5.324885e-005  4.800000e-002  0.000000e+000
    454  1.647458e-012  5.407898e-005  4.800000e-002  0.000000e+000
    455  1.590496e-012  5.836433e-005  6.250000e-002  0.000000e+000
    456  1.628920e-012  5.883060e-005  6.250000e-002  0.000000e+000
    457  1.152171e-012  5.241742e-005  6.250000e-002  0.000000e+000
    458  1.176232e-012  5.277980e-005  6.250000e-002  0.000000e+000
    459  1.958912e-012  6.780760e-005  7.957747e-002  0.000000e+000
    460  1.018573e-012  5.452606e-005  7.957747e-002  0.000000e+000
    461  1.171252e-012  5.270519e-005  6.250000e-002  0.000000e+000
    462  9.330340e-013  5.295486e-005  7.957747e-002  0.000000e+000
    463  8.798367e-013  5.192869e-005  7.957747e-002  0.000000e+000
    464  1.144898e-012  5.230690e-005  6.250000e-002  0.000000e+000
    465  1.259911e-012  5.400284e-005  6.250000e-002  0.000000e+000
    466  1.117555e-012  5.188712e-005  6.250000e-002  0.000000e+000
    467  1.159328e-012  5.252574e-005  6.250000e-002  0.000000e+000
    468  8.548626e-013  5.143264e-005  7.957747e-002  0.000000e+000
    469  1.417045e-012  5.143021e-005  4.800000e-002  0.000000e+000
    470  9.536874e-013  5.334275e-005  7.957747e-002  0.000000e+000
    471  1.136550e-012  5.217945e-005  6.250000e-002  0.000000e+000
    472  1.556461e-012  5.306439e-005  4.800000e-002  0.000000e+000
    473  8.752847e-013  5.183898e-005  7.957747e-002  0.000000e+000
    474  1.200788e-012  5.314456e-005  6.250000e-002  0.000000e+000
    475  1.398882e-012  5.591956e-005  6.250000e-002  0.000000e+000
    476  1.571928e-012  5.323958e-005  4.800000e-002  0.000000e+000
    477  1.128440e-012  5.205505e-005  6.250000e-002  0.000000e+000
    478  1.644343e-012  5.404488e-005  4.800000e-002  0.000000e+000
    479  1.012012e-012  5.440873e-005  7.957747e-002  0.000000e+000
    480  1.528947e-012  5.274984e-005  4.800000e-002  0.000000e+000
    481  1.282881e-012  5.888467e-005  7.957747e-002  0.000000e+000
    482  1.225769e-012  5.351056e-005  6.250000e-002  0.000000e+000
    483  1.407366e-012  5.131285e-005  4.800000e-002  0.000000e+000
    484  1.140020e-012  5.223250e-005  6.250000e-002  0.000000e+000
    485  1.175817e-012  5.277359e-005  6.250000e-002  0.000000e+000
    486  1.502742e-012  5.244675e-005  4.800000e-002  0.000000e+000
    487  9.865653e-013  5.394883e-005  7.957747e-002  0.000000e+000
    488  1.655234e-012  5.416394e-005  4.800000e-002  0.000000e+000
    489  1.019902e-012  5.454976e-005  7.957747e-002  0.000000e+000
    490  1.083889e-012  5.136079e-005  6.250000e-002  0.000000e+000
    491  1.673469e-012  5.436211e-005  4.800000e-002  0.000000e+000
    492  9.926197e-013  5.405896e-005  7.957747e-002  0.000000e+000
    493  1.414362e-012  5.139773e-005  4.800000e-002  0.000000e+000
    494  1.554868e-012  5.304627e-005  4.800000e-002  0.000000e+000
    495  1.654494e-012  5.415586e-005  4.800000e-002  0.000000e+000
    496  9.966775e-013  5.413252e-005  7.957747e-002  0.000000e+000
    497  1.151005e-012  5.239974e-005  6.250000e-002  0.000000e+000
    498  1.393274e-012  5.114101e-005  4.800000e-002  0.000000e+000
    499  1.366051e-012  6.013062e-005  7.957747e-002  0.000000e+000
    500  1.167124e-012  5.264320e-005  6.250000e-002  0.000000e+000
    501  1.459699e-012  5.194114e-005  4.800000e-002  0.000000e+000
    502  1.670145e-012  5.432610e-005  4.800000e-002  0.000000e+000
    503  9.014040e-013  5.234958e-005  7.957747e-002  0.000000e+000
    504  9.618496e-013  5.349450e-005  7.957747e-002  0.000000e+000
    505  8.815411e-013  5.196220e-005  7.957747e-002  0.000000e+000
    506  1.574935e-012  5.327351e-005  4.800000e-002  0.000000e+000
    507  8.818562e-013  5.196839e-005  7.957747e-002  0.000000e+000
    508  9.731905e-013  5.370392e-005  7.957747e-002  0.000000e+000
    509  1.405206e-012  5.128658e-005  4.800000e-002  0.000000e+000
    510  1.025217e-012  5.464436e-005  7.957747e-002  0.000000e+000
    511  1.120167e-012  5.192753e-005  6.250000e-002  0.000000e+000
    512  1.111800e-012  5.614128e-005  7.957747e-002  0.000000e+000
    513  1.348497e-012  5.523996e-005  6.250000e-002  0.000000e+000
    514  9.528391e-013  5.332693e-005  7.957747e-002  0.000000e+000
    515  1.504345e-012  5.246539e-005  4.800000e-002  0.000000e+000
    516  9.276040e-013  5.285194e-005  7.957747e-002  0.000000e+000
    517  1.378114e-012  5.564145e-005  6.250000e-002  0.000000e+000
    518  1.832761e-012  5.603496e-005  4.800000e-002  0.000000e+000
    519  1.450820e-012  5.183561e-005  4.800000e-002  0.000000e+000
    520  9.914895e-013  5.403843e-005  7.957747e-002  0.000000e+000
    521  1.504115e-012  5.246272e-005  4.800000e-002  0.000000e+000
    522  9.357123e-013  5.300549e-005  7.957747e-002  0.000000e+000
    523  8.846519e-013  5.202325e-005  7.957747e-002  0.000000e+000
    524  1.795395e-012  5.565153e-005  4.800000e-002  0.000000e+000
    525  1.308372e-012  5.468653e-005  6.250000e-002  0.000000e+000
    526  1.307810e-012  5.467871e-005  6.250000e-002  0.000000e+000
    527  1.171039e-012  5.270200e-005  6.250000e-002  0.000000e+000
    528  1.316044e-012  5.479322e-005  6.250000e-002  0.000000e+000
    529  2.258704e-012  6.560291e-005  6.250000e-002  0.000000e+000
    530  1.309738e-012  5.470556e-005  6.250000e-002  0.000000e+000
    531  1.251048e-012  5.387592e-005  6.250000e-002  0.000000e+000
    532  1.397427e-012  5.119177e-005  4.800000e-002  0.000000e+000
    533  1.501094e-012  5.242757e-005  4.800000e-002  0.000000e+000
    534  1.240281e-012  5.372092e-005  6.250000e-002  0.000000e+000
    535  9.831763e-013  5.388698e-005  7.957747e-002  0.000000e+000
    536  1.207399e-012  5.324191e-005  6.250000e-002  0.000000e+000
    537  1.559122e-012  5.309461e-005  4.800000e-002  0.000000e+000
    538  1.031186e-012  5.475019e-005  7.957747e-002  0.000000e+000
    539  2.286540e-012  6.032305e-005  4.800000e-002  0.000000e+000
    540  1.490032e-012  5.229846e-005  4.800000e-002  0.000000e+000
    541  1.499002e-012  5.240320e-005  4.800000e-002  0.000000e+000
    542  1.542799e-012  5.290868e-005  4.800000e-002  0.000000e+000
    543  9.199093e-013  5.270539e-005  7.957747e-002  0.000000e+000
    544  1.486809e-012  5.706744e-005  6.250000e-002  0.000000e+000
    545  1.682669e-012  5.947068e-005  6.250000e-002  0.000000e+000
    546  1.635960e-012  5.395288e-005  4.800000e-002  0.000000e+000
    547  1.227535e-012  5.353626e-005  6.250000e-002  0.000000e+000
    548  8.775723e-013  5.188411e-005  7.957747e-002  0.000000e+000
    549  1.577771e-012  5.330547e-005  4.800000e-002  0.000000e+000
    550  9.363490e-013  5.301751e-005  7.957747e-002  0.000000e+000
    551  1.223763e-012  5.348136e-005  6.250000e-002  0.000000e+000
    552  1.623045e-012  5.381053e-005  4.800000e-002  0.000000e+000
    553  1.786440e-012  5.555885e-005  4.800000e-002  0.000000e+000
    554  1.499015e-012  5.722318e-005  6.250000e-002  0.000000e+000
    555  1.571689e-012  6.300798e-005  7.957747e-002  0.000000e+000
    556  1.496901e-012  5.237871e-005  4.800000e-002  0.000000e+000
    557  2.174611e-012  5.932225e-005  4.800000e-002  0.000000e+000
    558  2.455052e-012  6.176996e-005  4.800000e-002  0.000000e+000
    559  1.711528e-012  6.482384e-005  7.957747e-002  0.000000e+000
    560  1.568252e-012  5.319805e-005  4.800000e-002  0.000000e+000
    561  9.632686e-013  5.352079e-005  7.957747e-002  0.000000e+000
    562  1.148280e-012  5.235835e-005  6.250000e-002  0.000000e+000
    563  1.789826e-012  5.559392e-005  4.800000e-002  0.000000e+000
    564  1.379886e-012  5.566528e-005  6.250000e-002  0.000000e+000
    565  1.101119e-012  5.163150e-005  6.250000e-002  0.000000e+000
    566  1.541033e-012  5.288847e-005  4.800000e-002  0.000000e+000
    567  1.395836e-012  5.117233e-005  4.800000e-002  0.000000e+000
    568  1.142078e-012  5.664635e-005  7.957747e-002  0.000000e+000
    569  1.052840e-012  5.086560e-005  6.250000e-002  0.000000e+000
    570  1.536633e-012  5.283809e-005  4.800000e-002  0.000000e+000
    571  1.474770e-012  5.211930e-005  4.800000e-002  0.000000e+000
    572  1.085979e-012  5.139377e-005  6.250000e-002  0.000000e+000
    573  1.139261e-012  5.222091e-005  6.250000e-002  0.000000e+000
    574  1.170208e-012  5.268953e-005  6.250000e-002  0.000000e+000
    575  1.161096e-012  5.255241e-005  6.250000e-002  0.000000e+000
    576  1.557718e-012  5.307867e-005  4.800000e-002  0.000000e+000
    577  1.179878e-012  5.283427e-005  6.250000e-002  0.000000e+000
    578  1.813177e-012  5.583466e-005  4.800000e-002  0.000000e+000
    579  9.780175e-013  5.379257e-005  7.957747e-002  0.000000e+000
    580  1.272881e-012  5.418753e-005  6.250000e-002  0.000000e+000
    581  1.326741e-012  5.954822e-005  7.957747e-002  0.000000e+000
    582  1.440681e-012  5.171459e-005  4.800000e-002  0.000000e+000
    583  1.090211e-012  5.146045e-005  6.250000e-002  0.000000e+000
    584  1.602082e-012  5.357786e-005  4.800000e-002  0.000000e+000
    585  1.176872e-012  5.278936e-005  6.250000e-002  0.000000e+000
    586  1.512182e-012  5.255633e-005  4.800000e-002  0.000000e+000
    587  8.522873e-013  5.138094e-005  7.957747e-002  0.000000e+000
    588  1.360107e-012  5.539803e-005  6.250000e-002  0.000000e+000
    589  1.395174e-012  5.587010e-005  6.250000e-002  0.000000e+000
    590  1.542562e-012  5.290596e-005  4.800000e-002  0.000000e+000
    591  9.598709e-013  5.345779e-005  7.957747e-002  0.000000e+000
    592  1.458030e-012  5.192134e-005  4.800000e-002  0.000000e+000
    593  1.197457e-012  5.309537e-005  6.250000e-002  0.000000e+000
    594  9.010561e-013  5.234285e-005  7.957747e-002  0.000000e+000
    595  1.450967e-012  5.183736e-005  4.800000e-002  0.000000e+000
    596  1.703476e-012  5.468511e-005  4.800000e-002  0.000000e+000
    597  9.292205e-013  5.288262e-005  7.957747e-002  0.000000e+000
    598  1.129631e-012  5.207335e-005  6.250000e-002  0.000000e+000
    599  1.135989e-012  5.217086e-005  6.250000e-002  0.000000e+000
    600  1.707713e-012  5.473041e-005  4.800000e-002  0.000000e+000
    601  1.223141e-012  5.347230e-005  6.250000e-002  0.000000e+000
    602  1.595184e-012  5.350085e-005  4.800000e-002  0.000000e+000
    603  9.872886e-013  5.396201e-005  7.957747e-002  0.000000e+000
    604  9.843865e-013  5.390908e-005  7.957747e-002  0.000000e+000
    605  8.911726e-013  5.215076e-005  7.957747e-002  0.000000e+000
    606  1.430330e-012  5.159044e-005  4.800000e-002  0.000000e+000
    607  1.298545e-012  5.454928e-005  6.250000e-002  0.000000e+000
    608  9.504355e-013  5.328205e-005  7.957747e-002  0.000000e+000
    609  8.354943e-013  5.104124e-005  7.957747e-002  0.000000e+000
    610  1.033844e-012  5.479721e-005  7.957747e-002  0.000000e+000
    611  1.955276e-012  5.725672e-005  4.800000e-002  0.000000e+000
    612  1.523568e-012  5.753392e-005  6.250000e-002  0.000000e+000
    613  1.620255e-012  5.872610e-005  6.250000e-002  0.000000e+000
    614  8.835325e-013  5.200130e-005  7.957747e-002  0.000000e+000
    615  1.201366e-012  5.315308e-005  6.250000e-002  0.000000e+000
    616  1.685557e-012  6.449428e-005  7.957747e-002  0.000000e+000
    617  1.875512e-012  6.166091e-005  6.250000e-002  0.000000e+000
    618  1.351165e-012  5.527636e-005  6.250000e-002  0.000000e+000
    619  1.340939e-012  5.049248e-005  4.800000e-002  0.000000e+000
    620  1.099675e-012  5.160891e-005  6.250000e-002  0.000000e+000
    621  8.885140e-013  5.209885e-005  7.957747e-002  0.000000e+000
    622  1.482783e-012  5.221352e-005  4.800000e-002  0.000000e+000
    623  1.092672e-012  5.149913e-005  6.250000e-002  0.000000e+000
    624  1.718435e-012  5.484472e-005  4.800000e-002  0.000000e+000
    625  1.448175e-012  5.656881e-005  6.250000e-002  0.000000e+000
    626  1.531461e-012  5.763310e-005  6.250000e-002  0.000000e+000
    627  1.465752e-012  5.201284e-005  4.800000e-002  0.000000e+000
    628  1.470476e-012  6.162534e-005  7.957747e-002  0.000000e+000
    629  2.330124e-012  6.628720e-005  6.250000e-002  0.000000e+000
    630  1.162020e-012  5.256635e-005  6.250000e-002  0.000000e+000
    631  1.277812e-012  5.425741e-005  6.250000e-002  0.000000e+000
    632  1.154016e-012  5.244539e-005  6.250000e-002  0.000000e+000
    633  1.127035e-012  5.203344e-005  6.250000e-002  0.000000e+000
    634  1.213376e-012  5.332962e-005  6.250000e-002  0.000000e+000
    635  1.620720e-012  5.378482e-005  4.800000e-002  0.000000e+000
    636  1.600633e-012  5.356170e-005  4.800000e-002  0.000000e+000
    637  1.238732e-012  5.369854e-005  6.250000e-002  0.000000e+000
    638  1.069259e-012  5.541590e-005  7.957747e-002  0.000000e+000
    639  1.513955e-012  6.222684e-005  7.957747e-002  0.000000e+000
    640  8.844089e-013  5.201849e-005  7.957747e-002  0.000000e+000
    641  1.130956e-012  5.209371e-005  6.250000e-002  0.000000e+000
    642  1.089711e-012  5.145257e-005  6.250000e-002  0.000000e+000
    643  9.153706e-013  5.261857e-005  7.957747e-002  0.000000e+000
    644  1.019528e-012  5.454310e-005  7.957747e-002  0.000000e+000
    645  8.839666e-013  5.200982e-005  7.957747e-002  0.000000e+000
    646  1.649854e-012  5.410519e-005  4.800000e-002  0.000000e+000
    647  1.380351e-012  5.098240e-005  4.800000e-002  0.000000e+000
    648  1.187029e-012  5.294079e-005  6.250000e-002  0.000000e+000
    649  9.235358e-013  5.277456e-005  7.957747e-002  0.000000e+000
    650  1.601711e-012  5.357372e-005  4.800000e-002  0.000000e+000
    651  9.847458e-013  5.391564e-005  7.957747e-002  0.000000e+000
    652  1.579138e-012  5.822507e-005  6.250000e-002  0.000000e+000
    653  9.601276e-013  5.346255e-005  7.957747e-002  0.000000e+000
    654  1.550948e-012  5.300166e-005  4.800000e-002  0.000000e+000
    655  1.106563e-012  5.171645e-005  6.250000e-002  0.000000e+000
    656  9.302940e-013  5.290298e-005  7.957747e-002  0.000000e+000
    657  1.883263e-012  5.654498e-005  4.800000e-002  0.000000e+000
    658  1.077241e-012  5.555344e-005  7.957747e-002  0.000000e+000
    659  1.563107e-012  5.313981e-005  4.800000e-002  0.000000e+000
    660  9.294565e-013  5.288710e-005  7.957747e-002  0.000000e+000
    661  1.475842e-012  5.213192e-005  4.800000e-002  0.000000e+000
    662  1.564201e-012  5.804091e-005  6.250000e-002  0.000000e+000
    663  1.002922e-012  5.424533e-005  7.957747e-002  0.000000e+000
    664  1.071294e-012  5.545104e-005  7.957747e-002  0.000000e+000
    665  9.428753e-013  5.314040e-005  7.957747e-002  0.000000e+000
    666  9.082883e-013  5.248251e-005  7.957747e-002  0.000000e+000
    667  8.688821e-013  5.171228e-005  7.957747e-002  0.000000e+000
    668  1.182670e-012  5.287592e-005  6.250000e-002  0.000000e+000
    669  1.193805e-012  5.304133e-005  6.250000e-002  0.000000e+000
    670  1.687432e-012  5.451289e-005  4.800000e-002  0.000000e+000
    671  1.132687e-012  5.212026e-005  6.250000e-002  0.000000e+000
    672  1.178248e-012  5.723816e-005  7.957747e-002  0.000000e+000
    673  9.215347e-013  5.273642e-005  7.957747e-002  0.000000e+000
    674  1.278133e-012  5.426195e-005  6.250000e-002  0.000000e+000
    675  1.257791e-012  5.397254e-005  6.250000e-002  0.000000e+000
    676  1.482125e-012  5.220579e-005  4.800000e-002  0.000000e+000
    677  9.199905e-013  5.270694e-005  7.957747e-002  0.000000e+000
    678  1.249463e-012  5.385315e-005  6.250000e-002  0.000000e+000
    679  1.099559e-012  5.160711e-005  6.250000e-002  0.000000e+000
    680  1.253482e-012  5.843137e-005  7.957747e-002  0.000000e+000
    681  1.540809e-012  5.775012e-005  6.250000e-002  0.000000e+000
    682  1.212615e-012  5.331847e-005  6.250000e-002  0.000000e+000
    683  1.114686e-012  5.184269e-005  6.250000e-002  0.000000e+000
    684  1.224249e-012  5.348844e-005  6.250000e-002  0.000000e+000
    685  9.980041e-013  5.415653e-005  7.957747e-002  0.000000e+000
    686  1.462508e-012  5.197444e-005  4.800000e-002  0.000000e+000
    687  1.176022e-012  5.277665e-005  6.250000e-002  0.000000e+000
    688  1.100088e-012  5.161538e-005  6.250000e-002  0.000000e+000
    689  1.124483e-012  5.199413e-005  6.250000e-002  0.000000e+000
    690  1.604023e-012  5.852932e-005  6.250000e-002  0.000000e+000
    691  1.454511e-012  5.187954e-005  4.800000e-002  0.000000e+000
    692  1.179722e-012  5.283195e-005  6.250000e-002  0.000000e+000
    693  9.446955e-013  5.317457e-005  7.957747e-002  0.000000e+000
    694  1.137494e-012  5.219389e-005  6.250000e-002  0.000000e+000
    695  1.440975e-012  5.171810e-005  4.800000e-002  0.000000e+000
    696  1.260637e-012  5.401322e-005  6.250000e-002  0.000000e+000
    697  1.174930e-012  5.276031e-005  6.250000e-002  0.000000e+000
    698  1.403927e-012  5.127102e-005  4.800000e-002  0.000000e+000
    699  1.184096e-012  5.289715e-005  6.250000e-002  0.000000e+000
    700  1.292763e-012  5.446819e-005  6.250000e-002  0.000000e+000
    701  1.281094e-012  5.885731e-005  7.957747e-002  0.000000e+000
    702  1.449030e-012  5.181428e-005  4.800000e-002  0.000000e+000
    703  8.618139e-013  5.157167e-005  7.957747e-002  0.000000e+000
    704  1.483657e-012  5.222377e-005  4.800000e-002  0.000000e+000
    705  1.059365e-012  5.524444e-005  7.957747e-002  0.000000e+000
    706  1.648564e-012  5.409109e-005  4.800000e-002  0.000000e+000
    707  1.334339e-012  5.504596e-005  6.250000e-002  0.000000e+000
    708  1.371071e-012  5.554649e-005  6.250000e-002  0.000000e+000
    709  1.933115e-012  6.228582e-005  6.250000e-002  0.000000e+000
    710  1.711465e-012  5.477047e-005  4.800000e-002  0.000000e+000
    711  1.651188e-012  5.909747e-005  6.250000e-002  0.000000e+000
    712  1.599595e-012  5.355012e-005  4.800000e-002  0.000000e+000
    713  1.769533e-012  5.538302e-005  4.800000e-002  0.000000e+000
    714  1.557948e-012  5.796346e-005  6.250000e-002  0.000000e+000
    715  1.058300e-012  5.522592e-005  7.957747e-002  0.000000e+000
    716  1.951299e-012  6.248052e-005  6.250000e-002  0.000000e+000
    717  1.196618e-012  5.308297e-005  6.250000e-002  0.000000e+000
    718  1.473858e-012  5.210855e-005  4.800000e-002  0.000000e+000
    719  1.421197e-012  5.148039e-005  4.800000e-002  0.000000e+000
    720  8.657088e-013  5.164925e-005  7.957747e-002  0.000000e+000
    721  1.512702e-012  5.256236e-005  4.800000e-002  0.000000e+000
    722  1.252168e-012  5.389199e-005  6.250000e-002  0.000000e+000
    723  1.590713e-012  5.345082e-005  4.800000e-002  0.000000e+000
    724  1.278032e-012  5.881038e-005  7.957747e-002  0.000000e+000
    725  1.157979e-012  5.250535e-005  6.250000e-002  0.000000e+000
    726  9.591772e-013  5.344491e-005  7.957747e-002  0.000000e+000
    727  1.401246e-012  5.595104e-005  6.250000e-002  0.000000e+000
    728  1.196455e-012  5.308056e-005  6.250000e-002  0.000000e+000
    729  1.500998e-012  5.242645e-005  4.800000e-002  0.000000e+000
    730  9.253468e-013  5.280903e-005  7.957747e-002  0.000000e+000
    731  9.238129e-013  5.277984e-005  7.957747e-002  0.000000e+000
    732  1.216761e-012  5.337916e-005  6.250000e-002  0.000000e+000
    733  1.646112e-012  5.406425e-005  4.800000e-002  0.000000e+000
    734  8.816845e-013  5.196502e-005  7.957747e-002  0.000000e+000
    735  8.979875e-013  5.228336e-005  7.957747e-002  0.000000e+000
    736  1.452549e-012  5.185619e-005  4.800000e-002  0.000000e+000
    737  1.277608e-012  5.425452e-005  6.250000e-002  0.000000e+000
    738  9.208326e-013  5.272302e-005  7.957747e-002  0.000000e+000
    739  9.068338e-013  5.245448e-005  7.957747e-002  0.000000e+000
    740  1.154028e-012  5.244557e-005  6.250000e-002  0.000000e+000
    741  1.513858e-012  5.741143e-005  6.250000e-002  0.000000e+000
    742  1.197275e-012  5.754461e-005  7.957747e-002  0.000000e+000
    743  1.532679e-012  5.279273e-005  4.800000e-002  0.000000e+000
    744  1.450836e-012  5.660343e-005  6.250000e-002  0.000000e+000
    745  1.540890e-012  5.288684e-005  4.800000e-002  0.000000e+000
    746  1.892985e-012  5.664211e-005  4.800000e-002  0.000000e+000
    747  1.646409e-012  5.406750e-005  4.800000e-002  0.000000e+000
    748  1.426923e-012  5.629072e-005  6.250000e-002  0.000000e+000
    749  1.225732e-012  5.799696e-005  7.957747e-002  0.000000e+000
    750  9.758679e-013  5.375313e-005  7.957747e-002  0.000000e+000
    751  2.445641e-012  6.169093e-005  4.800000e-002  0.000000e+000
    752  1.687511e-012  5.451374e-005  4.800000e-002  0.000000e+000
    753  1.080489e-012  5.560922e-005  7.957747e-002  0.000000e+000
    754  1.738716e-012  5.505963e-005  4.800000e-002  0.000000e+000
    755  1.451556e-012  5.184438e-005  4.800000e-002  0.000000e+000
    756  9.264127e-013  5.282930e-005  7.957747e-002  0.000000e+000
    757  9.160984e-013  5.263251e-005  7.957747e-002  0.000000e+000
    758  1.028149e-012  5.469640e-005  7.957747e-002  0.000000e+000
    759  8.914412e-013  5.215600e-005  7.957747e-002  0.000000e+000
    760  9.331225e-013  5.295654e-005  7.957747e-002  0.000000e+000
    761  1.190695e-012  5.299523e-005  6.250000e-002  0.000000e+000
    762  8.733103e-013  5.179998e-005  7.957747e-002  0.000000e+000
    763  9.516905e-013  5.330549e-005  7.957747e-002  0.000000e+000
    764  1.068096e-012  5.111010e-005  6.250000e-002  0.000000e+000
    765  1.119870e-012  5.192294e-005  6.250000e-002  0.000000e+000
    766  1.143657e-012  5.228798e-005  6.250000e-002  0.000000e+000
    767  8.337162e-013  5.100500e-005  7.957747e-002  0.000000e+000
    768  8.464931e-013  5.126424e-005  7.957747e-002  0.000000e+000
    769  8.560595e-013  5.145663e-005  7.957747e-002  0.000000e+000
    770  1.165349e-012  5.702851e-005  7.957747e-002  0.000000e+000
    771  1.644880e-012  5.405076e-005  4.800000e-002  0.000000e+000
    772  1.283983e-012  5.434461e-005  6.250000e-002  0.000000e+000
    773  9.532968e-013  5.333547e-005  7.957747e-002  0.000000e+000
    774  1.031728e-012  5.475980e-005  7.957747e-002  0.000000e+000
    775  1.505822e-012  5.248255e-005  4.800000e-002  0.000000e+000
    776  8.379853e-013  5.109191e-005  7.957747e-002  0.000000e+000
    777  1.520716e-012  5.749800e-005  6.250000e-002  0.000000e+000
    778  1.382606e-012  5.101014e-005  4.800000e-002  0.000000e+000
    779  1.437183e-012  5.167269e-005  4.800000e-002  0.000000e+000
    780  1.029479e-012  5.471998e-005  7.957747e-002  0.000000e+000
    781  1.751741e-012  5.519678e-005  4.800000e-002  0.000000e+000
    782  2.125387e-012  5.887123e-005  4.800000e-002  0.000000e+000
    783  1.056251e-012  5.519026e-005  7.957747e-002  0.000000e+000
    784  1.445089e-012  5.176728e-005  4.800000e-002  0.000000e+000
    785  1.127756e-012  5.204452e-005  6.250000e-002  0.000000e+000
    786  1.603108e-012  5.358929e-005  4.800000e-002  0.000000e+000
    787  9.288309e-013  5.287523e-005  7.957747e-002  0.000000e+000
    788  1.369740e-012  5.085142e-005  4.800000e-002  0.000000e+000
    789  1.527617e-012  5.273455e-005  4.800000e-002  0.000000e+000
    790  8.788621e-013  5.190951e-005  7.957747e-002  0.000000e+000
    791  1.448746e-012  5.181090e-005  4.800000e-002  0.000000e+000
    792  1.265041e-012  5.861043e-005  7.957747e-002  0.000000e+000
    793  2.007852e-012  5.776538e-005  4.800000e-002  0.000000e+000
    794  1.230870e-012  5.358469e-005  6.250000e-002  0.000000e+000
    795  8.747358e-013  5.182815e-005  7.957747e-002  0.000000e+000
    796  1.304625e-012  5.463428e-005  6.250000e-002  0.000000e+000
    797  1.049514e-012  5.081197e-005  6.250000e-002  0.000000e+000
    798  1.084789e-012  5.137499e-005  6.250000e-002  0.000000e+000
    799  1.540555e-012  5.288301e-005  4.800000e-002  0.000000e+000
    800  9.020076e-013  5.236126e-005  7.957747e-002  0.000000e+000
    801  1.655186e-012  5.416341e-005  4.800000e-002  0.000000e+000
    802  1.506353e-012  5.248872e-005  4.800000e-002  0.000000e+000
    803  1.268889e-012  5.866980e-005  7.957747e-002  0.000000e+000
    804  1.171465e-012  5.712811e-005  7.957747e-002  0.000000e+000
    805  1.671809e-012  5.434412e-005  4.800000e-002  0.000000e+000
    806  1.572065e-012  5.324112e-005  4.800000e-002  0.000000e+000
    807  1.628228e-012  5.386775e-005  4.800000e-002  0.000000e+000
    808  1.548981e-012  5.785204e-005  6.250000e-002  0.000000e+000
    809  2.224264e-012  6.526777e-005  6.250000e-002  0.000000e+000
    810  1.533613e-012  5.280346e-005  4.800000e-002  0.000000e+000
    811  1.667060e-012  5.928622e-005  6.250000e-002  0.000000e+000
    812  1.979988e-012  6.278524e-005  6.250000e-002  0.000000e+000
    813  1.745346e-012  6.020009e-005  6.250000e-002  0.000000e+000
    814  1.251394e-012  5.388089e-005  6.250000e-002  0.000000e+000
    815  9.495654e-013  5.326579e-005  7.957747e-002  0.000000e+000
    816  1.031410e-012  5.475416e-005  7.957747e-002  0.000000e+000
    817  1.441848e-012  5.172854e-005  4.800000e-002  0.000000e+000
    818  8.828650e-013  5.198820e-005  7.957747e-002  0.000000e+000
    819  1.452600e-012  5.185680e-005  4.800000e-002  0.000000e+000
    820  1.142635e-012  5.227241e-005  6.250000e-002  0.000000e+000
    821  1.084485e-012  5.137020e-005  6.250000e-002  0.000000e+000
    822  1.142186e-012  5.664815e-005  7.957747e-002  0.000000e+000
    823  1.186507e-012  5.293304e-005  6.250000e-002  0.000000e+000
    824  9.187832e-013  5.268388e-005  7.957747e-002  0.000000e+000
    825  1.136828e-012  5.218370e-005  6.250000e-002  0.000000e+000
    826  8.825514e-013  5.198205e-005  7.957747e-002  0.000000e+000
    827  1.488288e-012  5.227805e-005  4.800000e-002  0.000000e+000
    828  1.493603e-012  5.234021e-005  4.800000e-002  0.000000e+000
    829  1.191690e-012  5.301000e-005  6.250000e-002  0.000000e+000
    830  9.585523e-013  5.343330e-005  7.957747e-002  0.000000e+000
    831  1.481863e-012  5.220272e-005  4.800000e-002  0.000000e+000
    832  1.185101e-012  5.291212e-005  6.250000e-002  0.000000e+000
    833  1.471510e-012  5.208086e-005  4.800000e-002  0.000000e+000
    834  1.187958e-012  5.295460e-005  6.250000e-002  0.000000e+000
    835  1.128166e-012  5.205082e-005  6.250000e-002  0.000000e+000
    836  1.430568e-012  5.159330e-005  4.800000e-002  0.000000e+000
    837  1.045906e-012  5.500949e-005  7.957747e-002  0.000000e+000
    838  1.007773e-012  5.433266e-005  7.957747e-002  0.000000e+000
    839  8.784241e-013  5.190089e-005  7.957747e-002  0.000000e+000
    840  2.281737e-012  6.028079e-005  4.800000e-002  0.000000e+000
    841  1.100273e-012  5.161828e-005  6.250000e-002  0.000000e+000
    842  9.500956e-013  5.327570e-005  7.957747e-002  0.000000e+000
    843  8.504370e-013  5.134373e-005  7.957747e-002  0.000000e+000
    844  1.101423e-012  5.163626e-005  6.250000e-002  0.000000e+000
    845  1.105383e-012  5.169807e-005  6.250000e-002  0.000000e+000
    846  1.134352e-012  5.214580e-005  6.250000e-002  0.000000e+000
    847  1.119644e-012  5.191943e-005  6.250000e-002  0.000000e+000
    848  1.657174e-012  6.413023e-005  7.957747e-002  0.000000e+000
    849  1.024019e-012  5.462306e-005  7.957747e-002  0.000000e+000
    850  1.465884e-012  6.156113e-005  7.957747e-002  0.000000e+000
    851  1.924554e-012  6.219374e-005  6.250000e-002  0.000000e+000
    852  1.147392e-012  5.234486e-005  6.250000e-002  0.000000e+000
    853  1.477712e-012  5.215393e-005  4.800000e-002  0.000000e+000
    854  9.190724e-013  5.268940e-005  7.957747e-002  0.000000e+000
    855  1.100986e-012  5.162942e-005  6.250000e-002  0.000000e+000
    856  1.101347e-012  5.163507e-005  6.250000e-002  0.000000e+000
    857  2.047811e-012  5.814607e-005  4.800000e-002  0.000000e+000
    858  2.266474e-012  6.567805e-005  6.250000e-002  0.000000e+000
    859  1.502363e-012  5.244234e-005  4.800000e-002  0.000000e+000
    860  1.157782e-012  5.250238e-005  6.250000e-002  0.000000e+000
    861  1.541781e-012  5.289703e-005  4.800000e-002  0.000000e+000
    862  1.085121e-012  5.138023e-005  6.250000e-002  0.000000e+000
    863  8.103857e-013  5.052473e-005  7.957747e-002  0.000000e+000
    864  9.278599e-013  5.285680e-005  7.957747e-002  0.000000e+000
    865  1.165670e-012  5.262134e-005  6.250000e-002  0.000000e+000
    866  1.392950e-012  5.584040e-005  6.250000e-002  0.000000e+000
    867  2.484389e-012  6.201503e-005  4.800000e-002  0.000000e+000
    868  1.138838e-012  5.221444e-005  6.250000e-002  0.000000e+000
    869  1.287444e-012  5.439339e-005  6.250000e-002  0.000000e+000
    870  1.050490e-012  5.082772e-005  6.250000e-002  0.000000e+000
    871  1.131367e-012  5.210001e-005  6.250000e-002  0.000000e+000
    872  9.378976e-013  5.304672e-005  7.957747e-002  0.000000e+000
    873  8.980094e-013  5.228378e-005  7.957747e-002  0.000000e+000
    874  2.348262e-012  6.086103e-005  4.800000e-002  0.000000e+000
    875  1.045561e-012  5.500343e-005  7.957747e-002  0.000000e+000
    876  1.514206e-012  5.741584e-005  6.250000e-002  0.000000e+000
    877  2.212741e-012  5.966696e-005  4.800000e-002  0.000000e+000
    878  1.079237e-012  5.128720e-005  6.250000e-002  0.000000e+000
    879  1.366114e-012  5.547947e-005  6.250000e-002  0.000000e+000
    880  1.394199e-012  5.585709e-005  6.250000e-002  0.000000e+000
    881  1.168484e-012  5.266365e-005  6.250000e-002  0.000000e+000
    882  1.225271e-012  5.350333e-005  6.250000e-002  0.000000e+000
    883  1.088783e-012  5.143796e-005  6.250000e-002  0.000000e+000
    884  1.209947e-012  5.327933e-005  6.250000e-002  0.000000e+000
    885  1.122209e-012  5.195905e-005  6.250000e-002  0.000000e+000
    886  1.176933e-012  5.279028e-005  6.250000e-002  0.000000e+000
    887  1.132921e-012  5.212385e-005  6.250000e-002  0.000000e+000
    888  1.200378e-012  5.313851e-005  6.250000e-002  0.000000e+000
    889  9.788583e-013  5.380798e-005  7.957747e-002  0.000000e+000
    890  1.155376e-012  5.246597e-005  6.250000e-002  0.000000e+000
    891  1.162457e-012  5.257294e-005  6.250000e-002  0.000000e+000
    892  1.171854e-012  5.271423e-005  6.250000e-002  0.000000e+000
    893  1.192406e-012  5.302061e-005  6.250000e-002  0.000000e+000
    894  1.296305e-012  5.451789e-005  6.250000e-002  0.000000e+000
    895  1.511588e-012  5.254946e-005  4.800000e-002  0.000000e+000
    896  1.835888e-012  5.606680e-005  4.800000e-002  0.000000e+000
    897  1.208733e-012  5.326152e-005  6.250000e-002  0.000000e+000
    898  1.176199e-012  5.277930e-005  6.250000e-002  0.000000e+000
    899  8.960296e-013  5.224533e-005  7.957747e-002  0.000000e+000
    900  1.226678e-012  5.352380e-005  6.250000e-002  0.000000e+000
    901  1.695483e-012  6.462062e-005  7.957747e-002  0.000000e+000
    902  8.856554e-013  5.204292e-005  7.957747e-002  0.000000e+000
    903  1.296306e-012  5.451791e-005  6.250000e-002  0.000000e+000
    904  1.640255e-012  5.896674e-005  6.250000e-002  0.000000e+000
    905  1.475103e-012  5.212322e-005  4.800000e-002  0.000000e+000
    906  9.675509e-013  5.359998e-005  7.957747e-002  0.000000e+000
    907  9.435753e-013  5.315355e-005  7.957747e-002  0.000000e+000
    908  1.125721e-012  5.201321e-005  6.250000e-002  0.000000e+000
    909  1.120971e-012  5.629521e-005  7.957747e-002  0.000000e+000
    910  1.283847e-012  5.434268e-005  6.250000e-002  0.000000e+000
    911  1.403268e-012  6.067180e-005  7.957747e-002  0.000000e+000
    912  1.162921e-012  5.257994e-005  6.250000e-002  0.000000e+000
    913  8.855649e-013  5.204115e-005  7.957747e-002  0.000000e+000
    914  1.291105e-012  5.444490e-005  6.250000e-002  0.000000e+000
    915  1.015352e-012  5.446853e-005  7.957747e-002  0.000000e+000
    916  9.946925e-013  5.409656e-005  7.957747e-002  0.000000e+000
    917  1.514125e-012  5.257884e-005  4.800000e-002  0.000000e+000
    918  1.590558e-012  5.344908e-005  4.800000e-002  0.000000e+000
    919  1.607309e-012  5.363606e-005  4.800000e-002  0.000000e+000
    920  1.610778e-012  5.367462e-005  4.800000e-002  0.000000e+000
    921  1.609527e-012  5.366072e-005  4.800000e-002  0.000000e+000
    922  1.240015e-012  5.371706e-005  6.250000e-002  0.000000e+000
    923  8.856761e-013  5.204332e-005  7.957747e-002  0.000000e+000
    924  1.165721e-012  5.262211e-005  6.250000e-002  0.000000e+000
    925  1.644897e-012  5.902232e-005  6.250000e-002  0.000000e+000
    926  1.161264e-012  5.696180e-005  7.957747e-002  0.000000e+000
    927  1.398747e-012  5.120788e-005  4.800000e-002  0.000000e+000
    928  1.249773e-012  5.385760e-005  6.250000e-002  0.000000e+000
    929  9.138484e-013  5.258939e-005  7.957747e-002  0.000000e+000
    930  1.123440e-012  5.197805e-005  6.250000e-002  0.000000e+000
    931  9.161792e-013  5.263406e-005  7.957747e-002  0.000000e+000
    932  1.228174e-012  5.354554e-005  6.250000e-002  0.000000e+000
    933  9.785435e-013  5.380221e-005  7.957747e-002  0.000000e+000
    934  2.210007e-012  5.964238e-005  4.800000e-002  0.000000e+000
    935  1.748777e-012  6.023952e-005  6.250000e-002  0.000000e+000
    936  1.189134e-012  5.297206e-005  6.250000e-002  0.000000e+000
    937  1.571665e-012  5.813309e-005  6.250000e-002  0.000000e+000
    938  1.199795e-012  5.758497e-005  7.957747e-002  0.000000e+000
    939  1.325667e-012  5.492645e-005  6.250000e-002  0.000000e+000
    940  1.533805e-012  5.280566e-005  4.800000e-002  0.000000e+000
    941  1.460213e-012  5.194724e-005  4.800000e-002  0.000000e+000
    942  9.831146e-013  5.388585e-005  7.957747e-002  0.000000e+000
    943  1.613241e-012  5.370197e-005  4.800000e-002  0.000000e+000
    944  1.549361e-012  5.298358e-005  4.800000e-002  0.000000e+000
    945  1.119767e-012  5.192133e-005  6.250000e-002  0.000000e+000
    946  1.148584e-012  5.236296e-005  6.250000e-002  0.000000e+000
    947  1.097591e-012  5.157631e-005  6.250000e-002  0.000000e+000
    948  1.239803e-012  5.371400e-005  6.250000e-002  0.000000e+000
    949  1.908289e-012  5.679435e-005  4.800000e-002  0.000000e+000
    950  5.147953e-012  7.906215e-005  4.800000e-002  0.000000e+000
    951  1.132631e-012  5.211941e-005  6.250000e-002  0.000000e+000
    952  1.804742e-012  5.574793e-005  4.800000e-002  0.000000e+000
    953  1.392940e-012  5.113692e-005  4.800000e-002  0.000000e+000
    954  1.333944e-012  5.504052e-005  6.250000e-002  0.000000e+000
    955  1.615928e-012  5.373177e-005  4.800000e-002  0.000000e+000
    956  1.224258e-012  5.348857e-005  6.250000e-002  0.000000e+000
    957  1.495860e-012  5.236656e-005  4.800000e-002  0.000000e+000
    958  1.286357e-012  5.437808e-005  6.250000e-002  0.000000e+000
    959  1.440448e-012  5.171179e-005  4.800000e-002  0.000000e+000
    960  3.953628e-012  7.906215e-005  6.250000e-002  0.000000e+000
    961  1.282457e-012  5.432307e-005  6.250000e-002  0.000000e+000
    962  1.274229e-012  5.420664e-005  6.250000e-002  0.000000e+000
    963  1.374270e-012  5.090742e-005  4.800000e-002  0.000000e+000
    964  8.523243e-013  5.138168e-005  7.957747e-002  0.000000e+000
    965  1.460385e-012  5.194927e-005  4.800000e-002  0.000000e+000
    966  9.603759e-013  5.346716e-005  7.957747e-002  0.000000e+000
    967  1.191440e-012  5.300629e-005  6.250000e-002  0.000000e+000
    968  1.653638e-012  5.414652e-005  4.800000e-002  0.000000e+000
    969  1.035837e-012  5.483240e-005  7.957747e-002  0.000000e+000
    970  1.426908e-012  6.101060e-005  7.957747e-002  0.000000e+000
    971  8.990503e-013  5.230398e-005  7.957747e-002  0.000000e+000
    972  1.579629e-012  5.823111e-005  6.250000e-002  0.000000e+000
    973  1.381099e-012  5.568159e-005  6.250000e-002  0.000000e+000
    974  1.900680e-012  5.671876e-005  4.800000e-002  0.000000e+000
    975  9.463369e-013  5.320535e-005  7.957747e-002  0.000000e+000
    976  1.778838e-012  5.547992e-005  4.800000e-002  0.000000e+000
    977  1.104292e-012  5.168105e-005  6.250000e-002  0.000000e+000
    978  9.625290e-013  5.350709e-005  7.957747e-002  0.000000e+000
    979  1.430705e-012  5.159495e-005  4.800000e-002  0.000000e+000
    980  1.746700e-012  5.514377e-005  4.800000e-002  0.000000e+000
    981  9.120409e-013  5.255469e-005  7.957747e-002  0.000000e+000
    982  1.667004e-012  5.429202e-005  4.800000e-002  0.000000e+000
    983  1.498264e-012  5.239459e-005  4.800000e-002  0.000000e+000
    984  1.304818e-012  5.463698e-005  6.250000e-002  0.000000e+000
    985  1.302558e-012  5.460541e-005  6.250000e-002  0.000000e+000
    986  9.260610e-013  5.282262e-005  7.957747e-002  0.000000e+000
    987  8.889551e-013  5.210747e-005  7.957747e-002  0.000000e+000
    988  1.624694e-012  5.382875e-005  4.800000e-002  0.000000e+000
    989  1.335033e-012  5.505550e-005  6.250000e-002  0.000000e+000
    990  1.584918e-012  5.829602e-005  6.250000e-002  0.000000e+000
    991  1.328279e-012  5.496249e-005  6.250000e-002  0.000000e+000
    992  1.091493e-012  5.579736e-005  7.957747e-002  0.000000e+000
    993  2.042986e-012  5.810037e-005  4.800000e-002  0.000000e+000
    994  9.190119e-013  5.268825e-005  7.957747e-002  0.000000e+000
    995  1.750080e-012  5.517932e-005  4.800000e-002  0.000000e+000
    996  1.261950e-012  5.403197e-005  6.250000e-002  0.000000e+000
    997  1.539166e-012  5.286711e-005  4.800000e-002  0.000000e+000
    998  9.186239e-013  5.268083e-005  7.957747e-002  0.000000e+000
    999  1.356724e-012  5.535206e-005  6.250000e-002  0.000000e+000
   1000  1.517161e-012  5.745315e-005  6.250000e-002  0.000000e+000
