729	0.00037000	0.00037000	0.00037000
1	0.00000000	0.00000000	0.00000000	4	-1	82	83	91	1	0	1	2	3	4
2	0.00000000	0.00000000	0.00004625	3	-1	84	93	1	0	5	6	7
3	0.00000000	0.00000000	0.00009250	7	-1	83	84	85	92	93	94	1	0	8	9	10	11	12	13	14
4	0.00000000	0.00000000	0.00013875	3	-1	86	94	1	0	15	16	17
5	0.00000000	0.00000000	0.00018500	3	-1	85	95	1	0	18	19	20
6	0.00000000	0.00000000	0.00023125	4	-1	87	95	96	1	0	21	22	23	24
7	0.00000000	0.00000000	0.00027750	4	-1	88	89	98	1	0	25	26	27	28
8	0.00000000	0.00000000	0.00032375	3	-1	89	98	1	0	29	30	31
9	0.00000000	0.00000000	0.00037000	1	-1	1	0	32
10	0.00000000	0.00004625	0.00000000	2	-1	83	1	0	33	34
11	0.00000000	0.00004625	0.00004625	5	-1	83	91	92	93	1	0	35	36	37	38	39
12	0.00000000	0.00004625	0.00009250	6	-1	83	84	92	101	102	1	0	40	41	42	43	44	45
13	0.00000000	0.00004625	0.00013875	2	-1	86	1	0	46	47
14	0.00000000	0.00004625	0.00018500	5	-1	85	94	95	103	1	0	48	49	50	51	52
15	0.00000000	0.00004625	0.00023125	6	-1	95	96	97	104	105	1	0	53	54	55	56	57	58
16	0.00000000	0.00004625	0.00027750	6	-1	89	96	97	105	106	1	0	59	60	61	62	63	64
17	0.00000000	0.00004625	0.00032375	4	-1	98	99	108	1	0	65	66	67	68
18	0.00000000	0.00004625	0.00037000	3	-1	89	99	1	0	69	70	71
19	0.00000000	0.00009250	0.00000000	4	-1	91	92	110	1	0	72	73	74	75
20	0.00000000	0.00009250	0.00004625	3	-1	92	102	1	0	76	77	78
21	0.00000000	0.00009250	0.00009250	6	-1	92	93	101	103	112	1	0	79	80	81	82	83	84
22	0.00000000	0.00009250	0.00013875	7	-1	93	95	103	104	111	113	1	0	85	86	87	88	89	90	91
23	0.00000000	0.00009250	0.00018500	6	-1	94	95	96	103	112	1	0	92	93	94	95	96	97
24	0.00000000	0.00009250	0.00023125	7	-1	95	96	97	104	105	114	1	0	98	99	100	101	102	103	104
25	0.00000000	0.00009250	0.00027750	5	-1	96	97	105	107	1	0	105	106	107	108	109
26	0.00000000	0.00009250	0.00032375	5	-1	97	107	108	115	1	0	110	111	112	113	114
27	0.00000000	0.00009250	0.00037000	3	-1	99	116	1	0	115	116	117
28	0.00000000	0.00013875	0.00000000	5	-1	100	101	110	119	1	0	118	119	120	121	122
29	0.00000000	0.00013875	0.00004625	6	-1	101	102	109	118	120	1	0	123	124	125	126	127	128
30	0.00000000	0.00013875	0.00009250	4	-1	101	103	121	1	0	129	130	131	132
31	0.00000000	0.00013875	0.00013875	4	-1	104	111	120	1	0	133	134	135	136
32	0.00000000	0.00013875	0.00018500	8	-1	103	104	105	112	114	121	122	1	0	137	138	139	140	141	142	143	144
33	0.00000000	0.00013875	0.00023125	3	-1	105	123	1	0	145	146	147
34	0.00000000	0.00013875	0.00027750	6	-1	107	116	123	124	125	1	0	148	149	150	151	152	153
35	0.00000000	0.00013875	0.00032375	4	-1	106	107	116	1	0	154	155	156	157
36	0.00000000	0.00013875	0.00037000	3	-1	125	126	1	0	158	159	160
37	0.00000000	0.00018500	0.00000000	3	-1	110	119	1	0	161	162	163
38	0.00000000	0.00018500	0.00004625	7	-1	109	111	118	119	120	129	1	0	164	165	166	167	168	169	170
39	0.00000000	0.00018500	0.00009250	6	-1	111	120	121	128	129	1	0	171	172	173	174	175	176
40	0.00000000	0.00018500	0.00013875	4	-1	111	120	131	1	0	177	178	179	180
41	0.00000000	0.00018500	0.00018500	6	-1	113	121	122	131	132	1	0	181	182	183	184	185	186
42	0.00000000	0.00018500	0.00023125	2	-1	113	1	0	187	188
43	0.00000000	0.00018500	0.00027750	7	-1	114	115	116	123	125	132	1	0	189	190	191	192	193	194	195
44	0.00000000	0.00018500	0.00032375	3	-1	115	135	1	0	196	197	198
45	0.00000000	0.00018500	0.00037000	5	-1	116	117	126	135	1	0	199	200	201	202	203
46	0.00000000	0.00023125	0.00000000	2	-1	127	1	0	204	205
47	0.00000000	0.00023125	0.00004625	8	-1	118	119	127	128	129	137	138	1	0	206	207	208	209	210	211	212	213
48	0.00000000	0.00023125	0.00009250	6	-1	119	120	129	130	139	1	0	214	215	216	217	218	219
49	0.00000000	0.00023125	0.00013875	6	-1	120	122	129	138	139	1	0	220	221	222	223	224	225
50	0.00000000	0.00023125	0.00018500	5	-1	121	122	123	140	1	0	226	227	228	229	230
51	0.00000000	0.00023125	0.00023125	5	-1	122	123	124	133	1	0	231	232	233	234	235
52	0.00000000	0.00023125	0.00027750	4	-1	123	132	134	1	0	236	237	238	239
53	0.00000000	0.00023125	0.00032375	5	-1	126	133	135	143	1	0	240	241	242	243	244
54	0.00000000	0.00023125	0.00037000	3	-1	125	144	1	0	245	246	247
55	0.00000000	0.00027750	0.00000000	2	-1	145	1	0	248	249
56	0.00000000	0.00027750	0.00004625	7	-1	127	128	136	137	145	146	1	0	250	251	252	253	254	255	256
57	0.00000000	0.00027750	0.00009250	9	-1	128	130	137	138	139	146	147	148	1	0	257	258	259	260	261	262	263	264	265
58	0.00000000	0.00027750	0.00013875	5	-1	129	131	139	147	1	0	266	267	268	269	270
59	0.00000000	0.00027750	0.00018500	4	-1	139	141	149	1	0	271	272	273	274
60	0.00000000	0.00027750	0.00023125	5	-1	133	141	142	150	1	0	275	276	277	278	279
61	0.00000000	0.00027750	0.00027750	4	-1	132	133	142	1	0	280	281	282	283
62	0.00000000	0.00027750	0.00032375	5	-1	133	135	143	152	1	0	284	285	286	287	288
63	0.00000000	0.00027750	0.00037000	3	-1	143	152	1	0	289	290	291
64	0.00000000	0.00032375	0.00000000	2	-1	136	1	0	292	293
65	0.00000000	0.00032375	0.00004625	6	-1	136	138	145	146	147	1	0	294	295	296	297	298	299
66	0.00000000	0.00032375	0.00009250	4	-1	146	147	155	1	0	300	301	302	303
67	0.00000000	0.00032375	0.00013875	5	-1	139	148	149	156	1	0	304	305	306	307	308
68	0.00000000	0.00032375	0.00018500	5	-1	139	141	148	158	1	0	309	310	311	312	313
69	0.00000000	0.00032375	0.00023125	2	-1	141	1	0	314	315
70	0.00000000	0.00032375	0.00027750	5	-1	141	151	152	160	1	0	316	317	318	319	320
71	0.00000000	0.00032375	0.00032375	6	-1	142	144	151	152	153	1	0	321	322	323	324	325	326
72	0.00000000	0.00032375	0.00037000	5	-1	152	153	161	162	1	0	327	328	329	330	331
73	0.00000000	0.00037000	0.00000000	3	-1	154	155	1	0	332	333	334
74	0.00000000	0.00037000	0.00004625	4	-1	147	154	156	1	0	335	336	337	338
75	0.00000000	0.00037000	0.00009250	3	-1	146	147	1	0	339	340	341
76	0.00000000	0.00037000	0.00013875	4	-1	147	148	158	1	0	342	343	344	345
77	0.00000000	0.00037000	0.00018500	5	-1	148	149	157	159	1	0	346	347	348	349	350
78	0.00000000	0.00037000	0.00023125	6	-1	149	150	151	159	160	1	0	351	352	353	354	355	356
79	0.00000000	0.00037000	0.00027750	4	-1	150	151	159	1	0	357	358	359	360
80	0.00000000	0.00037000	0.00032375	3	-1	151	161	1	0	361	362	363
81	0.00000000	0.00037000	0.00037000	3	-1	152	162	1	0	364	365	366
82	0.00004625	0.00000000	0.00000000	5	1	83	91	92	173	0	0	2	367	368	369	370
83	0.00004625	0.00000000	0.00004625	11	1	3	10	11	12	82	92	93	163	172	174	0	0	3	9	34	36	41	367	371	372	373	374	375
84	0.00004625	0.00000000	0.00009250	9	2	3	12	85	93	164	165	173	175	0	0	6	10	42	376	377	378	379	380	381
85	0.00004625	0.00000000	0.00013875	8	3	5	14	84	86	93	94	95	0	0	11	19	49	376	382	383	384	385
86	0.00004625	0.00000000	0.00018500	7	4	13	85	96	168	175	176	0	0	16	47	382	386	387	388	389
87	0.00004625	0.00000000	0.00023125	8	6	88	95	97	168	169	176	177	0	0	22	390	391	392	393	394	395	396
88	0.00004625	0.00000000	0.00027750	7	7	87	89	96	97	98	177	0	0	26	390	397	398	399	400	401
89	0.00004625	0.00000000	0.00032375	11	7	8	16	18	88	90	98	169	171	178	179	0	0	27	30	60	70	397	402	403	404	405	406	407
90	0.00004625	0.00000000	0.00037000	6	89	98	99	170	171	180	0	0	402	408	409	410	411	412
91	0.00004625	0.00004625	0.00000000	9	1	11	19	82	92	163	164	173	182	0	0	4	37	73	368	413	414	415	416	417
92	0.00004625	0.00004625	0.00004625	18	3	11	12	19	20	21	82	83	91	93	100	102	163	164	173	174	181	182	0	0	12	38	43	74	77	80	369	371	413	418	419	420	421	422	423	424	425	426
93	0.00004625	0.00004625	0.00009250	14	2	3	11	21	22	83	84	85	92	94	103	173	175	184	0	0	7	13	39	81	86	372	377	383	418	427	428	429	430	431
94	0.00004625	0.00004625	0.00013875	14	3	4	14	23	85	93	95	103	104	165	166	176	184	185	0	0	14	17	50	93	384	427	432	433	434	435	436	437	438	439
95	0.00004625	0.00004625	0.00018500	18	5	6	14	15	22	23	24	85	87	94	96	103	104	105	167	176	177	186	0	0	20	23	51	54	87	94	99	385	391	432	440	441	442	443	444	445	446	447
96	0.00004625	0.00004625	0.00023125	13	6	15	16	23	24	25	86	88	95	106	168	185	187	0	0	24	55	61	95	100	106	386	398	440	448	449	450	451
97	0.00004625	0.00004625	0.00027750	11	15	16	24	25	26	87	88	168	169	177	179	0	0	56	62	101	107	111	392	399	452	453	454	455
98	0.00004625	0.00004625	0.00032375	10	7	8	17	88	89	90	99	169	171	179	0	0	28	31	66	400	403	408	456	457	458	459
99	0.00004625	0.00004625	0.00037000	9	17	18	27	90	98	107	108	179	188	0	0	67	71	116	409	456	460	461	462	463
100	0.00004625	0.00009250	0.00000000	5	28	92	101	181	182	0	0	119	419	464	465	466
101	0.00004625	0.00009250	0.00004625	11	12	21	28	29	30	100	173	174	181	190	191	0	0	44	82	120	124	130	464	467	468	469	470	471
102	0.00004625	0.00009250	0.00009250	15	12	20	29	92	103	110	112	173	174	175	182	183	184	191	192	0	0	45	78	125	420	472	473	474	475	476	477	478	479	480	481	482
103	0.00004625	0.00009250	0.00013875	19	14	21	22	23	30	32	93	94	95	102	112	113	174	175	183	185	192	193	194	0	0	52	83	88	96	131	138	428	433	441	472	483	484	485	486	487	488	489	490	491
104	0.00004625	0.00009250	0.00018500	14	15	22	24	31	32	94	95	105	112	114	176	186	193	194	0	0	57	89	102	134	139	434	442	492	493	494	495	496	497	498
105	0.00004625	0.00009250	0.00023125	16	15	16	24	25	32	33	95	104	106	113	114	176	177	185	187	195	0	0	58	63	103	108	140	146	443	492	499	500	501	502	503	504	505	506
106	0.00004625	0.00009250	0.00027750	9	16	35	96	105	116	186	187	196	197	0	0	64	155	448	499	507	508	509	510	511
107	0.00004625	0.00009250	0.00032375	13	25	26	34	35	99	108	117	178	179	180	187	196	197	0	0	109	112	149	156	460	512	513	514	515	516	517	518	519
108	0.00004625	0.00009250	0.00037000	7	17	26	99	107	180	188	189	0	0	68	113	461	512	520	521	522
109	0.00004625	0.00013875	0.00000000	5	29	38	182	190	191	0	0	126	165	523	524	525
110	0.00004625	0.00013875	0.00004625	12	19	28	37	102	111	119	120	181	182	190	200	201	0	0	75	121	162	473	526	527	528	529	530	531	532	533
111	0.00004625	0.00013875	0.00009250	16	22	31	38	39	40	110	119	120	182	183	184	191	192	193	200	202	0	0	90	135	166	172	178	526	534	535	536	537	538	539	540	541	542	543
112	0.00004625	0.00013875	0.00013875	12	21	23	32	102	103	104	113	121	122	201	202	203	0	0	84	97	141	474	483	493	544	545	546	547	548	549
113	0.00004625	0.00013875	0.00018500	12	22	41	42	103	105	112	121	122	123	185	194	203	0	0	91	182	188	484	500	544	550	551	552	553	554	555
114	0.00004625	0.00013875	0.00023125	13	24	32	43	104	105	122	123	124	186	187	195	196	204	0	0	104	142	190	494	501	556	557	558	559	560	561	562	563
115	0.00004625	0.00013875	0.00027750	11	26	43	44	116	125	187	195	196	197	204	205	0	0	114	191	197	564	565	566	567	568	569	570	571
116	0.00004625	0.00013875	0.00032375	15	27	34	35	43	45	106	115	117	125	187	188	189	197	205	206	0	0	117	150	157	192	200	507	564	572	573	574	575	576	577	578	579
117	0.00004625	0.00013875	0.00037000	7	45	107	116	197	198	206	207	0	0	201	513	572	580	581	582	583
118	0.00004625	0.00018500	0.00000000	8	29	38	47	119	190	200	208	209	0	0	127	167	207	584	585	586	587	588
119	0.00004625	0.00018500	0.00004625	15	28	37	38	47	48	110	111	118	120	127	190	191	199	208	209	0	0	122	163	168	208	215	527	534	584	589	590	591	592	593	594	595
120	0.00004625	0.00018500	0.00009250	19	29	31	38	39	40	48	49	110	111	119	121	128	129	130	191	193	201	209	211	0	0	128	136	169	173	179	216	221	528	535	589	596	597	598	599	600	601	602	603	604
121	0.00004625	0.00018500	0.00013875	18	30	32	39	41	50	112	113	120	129	131	192	193	194	201	202	203	210	212	0	0	132	143	174	183	227	545	550	596	605	606	607	608	609	610	611	612	613	614
122	0.00004625	0.00018500	0.00018500	16	32	41	49	50	51	112	113	114	123	130	132	193	195	203	204	213	0	0	144	184	222	228	232	546	551	556	615	616	617	618	619	620	621	622
123	0.00004625	0.00018500	0.00023125	13	33	34	43	50	51	52	113	114	122	132	133	195	203	0	0	147	151	193	229	233	237	552	557	615	623	624	625	626
124	0.00004625	0.00018500	0.00027750	9	34	51	114	132	133	195	197	204	214	0	0	152	234	558	627	628	629	630	631	632
125	0.00004625	0.00018500	0.00032375	12	34	36	43	54	115	116	133	135	197	206	207	215	0	0	153	159	194	246	565	573	633	634	635	636	637	638
126	0.00004625	0.00018500	0.00037000	6	36	45	53	134	198	215	0	0	160	202	241	639	640	641
127	0.00004625	0.00023125	0.00000000	7	46	47	56	119	136	208	218	0	0	205	209	251	590	642	643	644
128	0.00004625	0.00023125	0.00004625	13	39	47	56	57	120	136	137	138	200	209	210	218	219	0	0	175	210	252	258	597	645	646	647	648	649	650	651	652
129	0.00004625	0.00023125	0.00009250	12	38	39	47	48	49	58	120	121	200	202	211	219	0	0	170	176	211	217	223	267	598	605	653	654	655	656
130	0.00004625	0.00023125	0.00013875	8	48	57	120	122	131	201	203	210	0	0	218	259	599	616	657	658	659	660
131	0.00004625	0.00023125	0.00018500	12	40	41	58	121	130	139	140	141	211	212	220	221	0	0	180	185	268	606	657	661	662	663	664	665	666	667
132	0.00004625	0.00023125	0.00023125	12	41	43	52	61	122	123	124	140	203	204	214	221	0	0	186	195	238	281	617	623	627	668	669	670	671	672
133	0.00004625	0.00023125	0.00027750	15	51	53	60	61	62	123	124	125	134	141	143	204	206	213	222	0	0	235	242	276	282	285	624	628	633	673	674	675	676	677	678	679
134	0.00004625	0.00023125	0.00032375	7	52	126	133	205	206	207	223	0	0	239	639	673	680	681	682	683
135	0.00004625	0.00023125	0.00037000	11	44	45	53	62	125	143	144	207	215	216	225	0	0	198	203	243	286	634	684	685	686	687	688	689
136	0.00004625	0.00027750	0.00000000	10	56	64	65	127	128	145	146	209	217	226	0	0	253	293	295	642	645	690	691	692	693	694
137	0.00004625	0.00027750	0.00004625	7	47	56	57	128	209	219	228	0	0	212	254	260	646	695	696	697
138	0.00004625	0.00027750	0.00009250	13	47	49	57	65	128	146	148	211	218	219	227	228	229	0	0	213	224	261	296	647	698	699	700	701	702	703	704	705
139	0.00004625	0.00027750	0.00013875	14	48	49	57	58	59	67	68	131	210	211	212	221	229	230	0	0	219	225	262	269	272	305	310	661	706	707	708	709	710	711
140	0.00004625	0.00027750	0.00018500	11	50	131	132	141	150	211	212	220	222	230	231	0	0	230	662	668	712	713	714	715	716	717	718	719
141	0.00004625	0.00027750	0.00023125	13	59	60	68	69	70	131	133	140	149	150	151	223	230	0	0	273	277	311	315	317	663	674	712	720	721	722	723	724
142	0.00004625	0.00027750	0.00027750	7	60	61	71	152	213	223	232	0	0	278	283	322	725	726	727	728
143	0.00004625	0.00027750	0.00032375	11	53	62	63	133	135	144	151	153	216	223	225	0	0	244	287	290	675	684	729	730	731	732	733	734
144	0.00004625	0.00027750	0.00037000	7	54	71	135	143	153	215	216	0	0	247	323	685	729	735	736	737
145	0.00004625	0.00032375	0.00000000	9	55	56	65	136	155	217	226	227	236	0	0	249	255	297	690	738	739	740	741	742
146	0.00004625	0.00032375	0.00004625	13	56	57	65	66	75	136	138	154	156	217	227	235	237	0	0	256	263	298	301	340	691	698	743	744	745	746	747	748
147	0.00004625	0.00032375	0.00009250	13	57	58	65	66	74	75	76	148	155	157	219	229	236	0	0	264	270	299	302	336	341	343	749	750	751	752	753	754
148	0.00004625	0.00032375	0.00013875	12	57	67	68	76	77	138	147	156	157	220	229	239	0	0	265	306	312	344	347	699	749	755	756	757	758	759
149	0.00004625	0.00032375	0.00018500	15	59	67	77	78	141	150	157	158	159	220	222	229	231	238	240	0	0	274	307	348	352	720	760	761	762	763	764	765	766	767	768	769
150	0.00004625	0.00032375	0.00023125	14	60	78	79	140	141	149	151	158	159	160	221	232	240	241	0	0	279	353	358	713	721	760	770	771	772	773	774	775	776	777
151	0.00004625	0.00032375	0.00027750	11	70	71	78	79	80	141	143	150	160	232	241	0	0	318	324	354	359	362	722	730	770	778	779	780
152	0.00004625	0.00032375	0.00032375	13	62	63	70	71	72	81	142	153	161	162	232	233	242	0	0	288	291	319	325	328	365	725	781	782	783	784	785	786
153	0.00004625	0.00032375	0.00037000	9	71	72	143	144	152	161	225	234	243	0	0	326	329	731	735	781	787	788	789	790
154	0.00004625	0.00037000	0.00000000	5	73	74	146	155	236	0	0	333	337	743	791	792
155	0.00004625	0.00037000	0.00004625	9	66	73	145	147	154	156	227	228	237	0	0	303	334	738	750	791	793	794	795	796
156	0.00004625	0.00037000	0.00009250	6	67	74	146	148	155	229	0	0	308	338	744	755	793	797
157	0.00004625	0.00037000	0.00013875	8	77	147	148	149	158	228	229	237	0	0	349	751	756	761	798	799	800	801
158	0.00004625	0.00037000	0.00018500	9	68	76	149	150	157	230	231	238	240	0	0	313	345	762	771	798	802	803	804	805
159	0.00004625	0.00037000	0.00023125	9	77	78	79	149	150	230	231	232	241	0	0	350	355	360	763	772	806	807	808	809
160	0.00004625	0.00037000	0.00027750	11	70	78	150	151	161	231	232	233	240	241	242	0	0	320	356	773	778	810	811	812	813	814	815	816
161	0.00004625	0.00037000	0.00032375	7	72	80	152	153	160	233	243	0	0	330	363	782	787	810	817	818
162	0.00004625	0.00037000	0.00037000	6	72	81	152	234	242	243	0	0	331	366	783	819	820	821
163	0.00009250	0.00000000	0.00000000	7	83	91	92	172	173	245	254	0	0	373	414	421	822	823	824	825
164	0.00009250	0.00000000	0.00004625	7	84	91	92	172	174	246	254	0	0	378	415	422	826	827	828	829
165	0.00009250	0.00000000	0.00009250	8	84	94	173	174	245	246	247	256	0	0	379	435	830	831	832	833	834	835
166	0.00009250	0.00000000	0.00013875	3	94	247	256	0	0	436	836	837
167	0.00009250	0.00000000	0.00018500	8	95	168	176	247	248	249	256	257	0	0	444	838	839	840	841	842	843	844
168	0.00009250	0.00000000	0.00023125	12	86	87	96	97	167	169	177	248	249	250	257	259	0	0	387	393	449	452	838	845	846	847	848	849	850	851
169	0.00009250	0.00000000	0.00027750	10	87	89	97	98	168	170	178	179	258	260	0	0	394	404	453	457	845	852	853	854	855	856
170	0.00009250	0.00000000	0.00032375	9	90	169	171	178	180	250	252	259	260	0	0	410	852	857	858	859	860	861	862	863
171	0.00009250	0.00000000	0.00037000	5	89	90	98	170	180	0	0	405	411	458	857	864
172	0.00009250	0.00004625	0.00000000	6	83	163	164	181	245	253	0	0	374	822	826	865	866	867
173	0.00009250	0.00004625	0.00004625	18	82	84	91	92	93	101	102	163	165	174	182	244	245	246	254	255	263	264	0	0	370	380	416	423	429	467	475	823	830	868	869	870	871	872	873	874	875	876
174	0.00009250	0.00004625	0.00009250	15	83	92	101	102	103	164	165	173	182	183	254	255	256	264	265	0	0	375	424	468	476	485	827	831	868	877	878	879	880	881	882	883
175	0.00009250	0.00004625	0.00013875	14	84	86	93	102	103	176	184	246	255	256	257	264	265	266	0	0	381	388	430	477	486	884	885	886	887	888	889	890	891	892
176	0.00009250	0.00004625	0.00018500	13	86	87	94	95	104	105	167	175	184	248	249	256	266	0	0	389	395	437	445	495	502	839	884	893	894	895	896	897
177	0.00009250	0.00004625	0.00023125	13	87	88	95	97	105	168	186	187	249	258	266	267	268	0	0	396	401	446	454	503	846	898	899	900	901	902	903	904
178	0.00009250	0.00004625	0.00027750	11	89	107	169	170	179	187	250	259	260	267	268	0	0	406	514	853	858	905	906	907	908	909	910	911
179	0.00009250	0.00004625	0.00032375	14	89	97	98	99	107	169	178	180	188	251	252	261	269	270	0	0	407	455	459	462	515	854	905	912	913	914	915	916	917	918
180	0.00009250	0.00004625	0.00037000	10	90	107	108	170	171	179	189	252	260	269	0	0	412	516	520	859	864	912	919	920	921	922
181	0.00009250	0.00009250	0.00000000	8	92	100	101	110	172	191	262	272	0	0	425	465	469	529	865	923	924	925
182	0.00009250	0.00009250	0.00004625	11	91	92	100	102	109	110	111	173	174	190	273	0	0	417	426	466	478	523	530	536	869	877	926	927
183	0.00009250	0.00009250	0.00009250	13	102	103	111	174	184	191	192	193	254	255	263	264	274	0	0	479	487	537	878	928	929	930	931	932	933	934	935	936
184	0.00009250	0.00009250	0.00013875	8	93	94	102	111	175	176	183	266	0	0	431	438	480	538	885	893	928	937
185	0.00009250	0.00009250	0.00018500	14	94	96	103	105	113	186	194	256	257	265	266	274	275	276	0	0	439	450	488	504	553	938	939	940	941	942	943	944	945	946
186	0.00009250	0.00009250	0.00023125	11	95	104	106	114	177	185	194	196	257	266	267	0	0	447	496	508	559	898	938	947	948	949	950	951
187	0.00009250	0.00009250	0.00027750	13	96	105	106	107	114	115	116	177	178	188	195	258	268	0	0	451	505	509	517	560	566	574	899	906	952	953	954	955
188	0.00009250	0.00009250	0.00032375	11	99	108	116	179	187	196	259	261	268	269	278	0	0	463	521	575	913	952	956	957	958	959	960	961
189	0.00009250	0.00009250	0.00037000	7	108	116	180	197	260	269	270	0	0	522	576	919	962	963	964	965
190	0.00009250	0.00013875	0.00000000	9	101	109	110	118	119	182	262	280	281	0	0	470	524	531	585	591	926	966	967	968
191	0.00009250	0.00013875	0.00004625	12	101	102	109	111	119	120	181	183	192	263	271	273	0	0	471	481	525	539	592	600	923	929	969	970	971	972
192	0.00009250	0.00013875	0.00009250	14	102	103	111	121	183	191	201	263	264	265	274	281	282	283	0	0	482	489	540	607	930	969	973	974	975	976	977	978	979	980
193	0.00009250	0.00013875	0.00013875	14	103	104	111	120	121	122	183	201	264	274	275	282	283	284	0	0	490	497	541	601	608	618	931	981	982	983	984	985	986	987
194	0.00009250	0.00013875	0.00018500	13	103	104	113	121	185	186	195	265	266	267	274	275	283	0	0	491	498	554	609	939	947	988	989	990	991	992	993	994
195	0.00009250	0.00013875	0.00023125	13	105	114	115	122	123	124	187	194	196	203	204	275	286	0	0	506	561	567	619	625	629	953	988	995	996	997	998	999
196	0.00009250	0.00013875	0.00027750	15	106	107	114	115	186	188	195	204	206	269	276	277	278	286	287	0	0	510	518	562	568	948	956	995	1000	1001	1002	1003	1004	1005	1006	1007
197	0.00009250	0.00013875	0.00032375	15	106	107	115	116	117	124	125	189	205	206	268	270	277	286	288	0	0	511	519	569	577	580	630	635	962	1008	1009	1010	1011	1012	1013	1014
198	0.00009250	0.00013875	0.00037000	4	117	126	269	278	0	0	581	640	1015	1016
199	0.00009250	0.00018500	0.00000000	6	119	200	208	272	280	290	0	0	593	1017	1018	1019	1020	1021
200	0.00009250	0.00018500	0.00004625	13	110	111	118	128	129	199	201	209	210	272	281	282	289	0	0	532	542	586	648	653	1017	1022	1023	1024	1025	1026	1027	1028
201	0.00009250	0.00018500	0.00009250	15	110	112	120	121	130	192	193	200	209	210	211	272	281	283	290	0	0	533	547	602	610	658	973	981	1022	1029	1030	1031	1032	1033	1034	1035
202	0.00009250	0.00018500	0.00013875	9	111	112	121	129	203	273	275	291	292	0	0	543	548	611	654	1036	1037	1038	1039	1040
203	0.00009250	0.00018500	0.00018500	15	112	113	121	122	123	130	132	195	202	204	212	213	283	285	294	0	0	549	555	612	620	626	659	669	996	1036	1041	1042	1043	1044	1045	1046
204	0.00009250	0.00018500	0.00023125	13	114	115	122	124	132	133	195	196	203	275	293	294	295	0	0	563	570	621	631	670	676	997	1000	1041	1047	1048	1049	1050
205	0.00009250	0.00018500	0.00027750	8	115	116	134	197	277	294	295	296	0	0	571	578	680	1008	1051	1052	1053	1054
206	0.00009250	0.00018500	0.00032375	12	116	117	125	133	134	196	197	207	214	215	278	286	0	0	579	582	636	677	681	1001	1009	1055	1056	1057	1058	1059
207	0.00009250	0.00018500	0.00037000	8	117	125	134	135	206	216	278	279	0	0	583	637	682	686	1055	1060	1061	1062
208	0.00009250	0.00023125	0.00000000	8	118	119	127	199	217	281	290	298	0	0	587	594	643	1018	1063	1064	1065	1066
209	0.00009250	0.00023125	0.00004625	15	118	119	120	128	136	137	200	201	210	218	280	281	282	291	298	0	0	588	595	603	649	692	695	1023	1029	1067	1068	1069	1070	1071	1072	1073
210	0.00009250	0.00023125	0.00009250	16	121	128	130	139	200	201	209	218	219	220	290	291	292	299	300	301	0	0	613	650	660	706	1024	1030	1067	1074	1075	1076	1077	1078	1079	1080	1081	1082
211	0.00009250	0.00023125	0.00013875	13	120	129	131	138	139	140	201	212	219	283	293	300	302	0	0	604	655	664	700	707	714	1031	1083	1084	1085	1086	1087	1088
212	0.00009250	0.00023125	0.00018500	12	121	131	139	140	203	211	220	222	283	284	285	293	0	0	614	665	708	715	1042	1083	1089	1090	1091	1092	1093	1094
213	0.00009250	0.00023125	0.00023125	12	122	133	142	203	214	222	223	285	293	295	302	303	0	0	622	678	726	1043	1095	1096	1097	1098	1099	1100	1101	1102
214	0.00009250	0.00023125	0.00027750	10	124	132	206	213	215	223	224	285	294	303	0	0	632	671	1056	1095	1103	1104	1105	1106	1107	1108
215	0.00009250	0.00023125	0.00032375	16	125	126	135	144	206	214	223	224	225	286	287	295	296	297	305	306	0	0	638	641	687	736	1057	1103	1109	1110	1111	1112	1113	1114	1115	1116	1117	1118
216	0.00009250	0.00023125	0.00037000	6	135	143	144	207	287	297	0	0	688	732	737	1060	1119	1120
217	0.00009250	0.00027750	0.00000000	9	136	145	146	208	226	227	298	299	307	0	0	693	739	745	1063	1121	1122	1123	1124	1125
218	0.00009250	0.00027750	0.00004625	10	127	128	138	209	210	227	289	290	298	300	0	0	644	651	701	1068	1074	1126	1127	1128	1129	1130
219	0.00009250	0.00027750	0.00009250	14	128	129	137	138	147	210	211	220	228	291	292	299	301	309	0	0	652	656	696	702	752	1075	1084	1131	1132	1133	1134	1135	1136	1137
220	0.00009250	0.00027750	0.00013875	14	131	140	148	149	210	212	219	229	230	292	293	300	302	310	0	0	666	716	757	764	1076	1089	1131	1138	1139	1140	1141	1142	1143	1144
221	0.00009250	0.00027750	0.00018500	13	131	132	139	150	222	229	292	293	301	302	303	310	311	0	0	667	672	709	774	1145	1146	1147	1148	1149	1150	1151	1152	1153
222	0.00009250	0.00027750	0.00023125	12	133	140	149	212	213	221	231	232	293	302	303	304	0	0	679	717	765	1090	1096	1145	1154	1155	1156	1157	1158	1159
223	0.00009250	0.00027750	0.00027750	10	134	141	142	143	213	214	215	232	233	295	0	0	683	723	727	733	1097	1104	1109	1160	1161	1162
224	0.00009250	0.00027750	0.00032375	8	214	215	296	297	304	305	313	314	0	0	1105	1110	1163	1164	1165	1166	1167	1168
225	0.00009250	0.00027750	0.00037000	7	135	143	153	215	233	234	306	0	0	689	734	788	1111	1169	1170	1171
226	0.00009250	0.00032375	0.00000000	7	136	145	217	235	299	307	317	0	0	694	740	1121	1172	1173	1174	1175
227	0.00009250	0.00032375	0.00004625	14	138	145	146	155	217	218	235	299	300	307	309	316	317	318	0	0	703	741	746	794	1122	1126	1176	1177	1178	1179	1180	1181	1182	1183
228	0.00009250	0.00032375	0.00009250	12	137	138	155	157	219	237	299	301	308	309	317	318	0	0	697	704	795	799	1132	1184	1185	1186	1187	1188	1189	1190
229	0.00009250	0.00032375	0.00013875	13	138	139	147	148	149	156	157	220	221	238	239	309	318	0	0	705	710	753	758	766	797	800	1138	1146	1191	1192	1193	1194
230	0.00009250	0.00032375	0.00018500	14	139	140	141	158	159	220	231	238	240	310	311	312	320	321	0	0	711	718	724	802	806	1139	1195	1196	1197	1198	1199	1200	1201	1202
231	0.00009250	0.00032375	0.00023125	14	140	149	158	159	160	222	230	232	239	241	302	303	311	313	0	0	719	767	803	807	811	1154	1195	1203	1204	1205	1206	1207	1208	1209
232	0.00009250	0.00032375	0.00027750	12	142	150	151	152	159	160	222	223	231	312	314	322	0	0	728	775	779	784	808	812	1155	1160	1203	1210	1211	1212
233	0.00009250	0.00032375	0.00032375	8	152	160	161	223	225	314	323	324	0	0	785	813	817	1161	1169	1213	1214	1215
234	0.00009250	0.00032375	0.00037000	8	153	162	225	306	314	315	323	324	0	0	789	819	1170	1216	1217	1218	1219	1220
235	0.00009250	0.00037000	0.00000000	4	146	226	227	307	0	0	747	1172	1176	1221
236	0.00009250	0.00037000	0.00004625	7	145	147	154	307	308	317	318	0	0	742	754	792	1222	1223	1224	1225
237	0.00009250	0.00037000	0.00009250	8	146	155	157	228	238	308	318	319	0	0	748	796	801	1184	1226	1227	1228	1229
238	0.00009250	0.00037000	0.00013875	9	149	158	229	230	237	311	318	319	320	0	0	768	804	1191	1196	1226	1230	1231	1232	1233
239	0.00009250	0.00037000	0.00018500	4	148	229	231	321	0	0	759	1192	1204	1234
240	0.00009250	0.00037000	0.00023125	10	149	150	158	160	230	241	311	313	320	322	0	0	769	776	805	814	1197	1235	1236	1237	1238	1239
241	0.00009250	0.00037000	0.00027750	8	150	151	159	160	231	240	242	322	0	0	777	780	809	815	1205	1235	1240	1241
242	0.00009250	0.00037000	0.00032375	8	152	160	162	241	243	315	322	324	0	0	786	816	820	1240	1242	1243	1244	1245
243	0.00009250	0.00037000	0.00037000	7	153	161	162	242	314	315	323	0	0	790	818	821	1242	1246	1247	1248
244	0.00013875	0.00000000	0.00000000	4	173	245	254	335	0	0	870	1249	1250	1251
245	0.00013875	0.00000000	0.00004625	8	163	165	172	173	244	253	254	334	0	0	824	832	866	871	1249	1252	1253	1254
246	0.00013875	0.00000000	0.00009250	9	164	165	173	175	247	255	326	335	336	0	0	828	833	872	886	1255	1256	1257	1258	1259
247	0.00013875	0.00000000	0.00013875	9	165	166	167	246	255	328	329	336	337	0	0	834	836	840	1255	1260	1261	1262	1263	1264
248	0.00013875	0.00000000	0.00018500	8	167	168	176	256	328	329	338	339	0	0	841	847	894	1265	1266	1267	1268	1269
249	0.00013875	0.00000000	0.00023125	6	167	168	176	177	338	339	0	0	842	848	895	900	1270	1271
250	0.00013875	0.00000000	0.00027750	8	168	170	178	258	330	331	339	341	0	0	849	860	907	1272	1273	1274	1275	1276
251	0.00013875	0.00000000	0.00032375	6	179	259	261	331	340	342	0	0	914	1277	1278	1279	1280	1281
252	0.00013875	0.00000000	0.00037000	5	170	179	180	333	341	0	0	861	915	920	1282	1283
253	0.00013875	0.00004625	0.00000000	6	172	245	263	325	326	343	0	0	867	1252	1284	1285	1286	1287
254	0.00013875	0.00004625	0.00004625	15	163	164	173	174	183	244	245	255	325	334	335	336	343	344	345	0	0	825	829	873	879	932	1250	1253	1288	1289	1290	1291	1292	1293	1294	1295
255	0.00013875	0.00004625	0.00009250	14	173	174	175	183	246	247	254	263	264	328	335	336	337	345	0	0	874	880	887	933	1256	1260	1288	1296	1297	1298	1299	1300	1301	1302
256	0.00013875	0.00004625	0.00013875	11	165	166	167	174	175	176	185	248	257	327	345	0	0	835	837	843	881	888	896	940	1265	1303	1304	1305
257	0.00013875	0.00004625	0.00018500	13	167	168	175	185	186	256	258	265	266	328	337	346	347	0	0	844	850	889	941	949	1303	1306	1307	1308	1309	1310	1311	1312
258	0.00013875	0.00004625	0.00023125	12	169	177	187	250	257	259	267	268	329	347	348	349	0	0	855	901	954	1272	1306	1313	1314	1315	1316	1317	1318	1319
259	0.00013875	0.00004625	0.00027750	10	168	170	178	188	251	258	267	269	330	348	0	0	851	862	908	957	1277	1313	1320	1321	1322	1323
260	0.00013875	0.00004625	0.00032375	10	169	170	178	180	189	268	270	340	349	351	0	0	856	863	909	921	963	1324	1325	1326	1327	1328
261	0.00013875	0.00004625	0.00037000	6	179	188	251	269	270	333	0	0	916	958	1278	1329	1330	1331
262	0.00013875	0.00009250	0.00000000	8	181	190	263	271	272	343	344	352	0	0	924	966	1332	1333	1334	1335	1336	1337
263	0.00013875	0.00009250	0.00004625	14	173	183	191	192	253	255	262	271	334	335	336	343	344	352	0	0	875	934	970	974	1284	1296	1332	1338	1339	1340	1341	1342	1343	1344
264	0.00013875	0.00009250	0.00009250	16	173	174	175	183	192	193	255	265	272	335	336	344	345	353	354	355	0	0	876	882	890	935	975	982	1297	1345	1346	1347	1348	1349	1350	1351	1352	1353
265	0.00013875	0.00009250	0.00013875	12	174	175	185	192	194	257	264	266	337	338	347	354	0	0	883	891	942	976	989	1307	1345	1354	1355	1356	1357	1358
266	0.00013875	0.00009250	0.00018500	12	175	176	177	184	185	186	194	257	265	338	346	347	0	0	892	897	902	937	943	950	990	1308	1354	1359	1360	1361
267	0.00013875	0.00009250	0.00023125	10	177	178	186	194	258	259	268	277	338	356	0	0	903	910	951	991	1314	1320	1362	1363	1364	1365
268	0.00013875	0.00009250	0.00027750	14	177	178	187	188	197	258	260	267	269	276	277	339	340	348	0	0	904	911	955	959	1010	1315	1324	1362	1366	1367	1368	1369	1370	1371
269	0.00013875	0.00009250	0.00032375	17	179	180	188	189	196	198	259	261	268	270	277	278	341	349	358	359	360	0	0	917	922	960	964	1002	1015	1321	1329	1366	1372	1373	1374	1375	1376	1377	1378	1379
270	0.00013875	0.00009250	0.00037000	10	179	189	197	260	261	269	278	279	350	359	0	0	918	965	1011	1325	1330	1372	1380	1381	1382	1383
271	0.00013875	0.00013875	0.00000000	7	191	262	263	272	343	344	353	0	0	971	1333	1338	1384	1385	1386	1387
272	0.00013875	0.00013875	0.00004625	13	181	199	200	201	262	264	271	280	282	343	361	362	363	0	0	925	1019	1025	1032	1334	1346	1384	1388	1389	1390	1391	1392	1393
273	0.00013875	0.00013875	0.00009250	9	182	191	202	282	283	353	354	355	364	0	0	927	972	1037	1394	1395	1396	1397	1398	1399
274	0.00013875	0.00013875	0.00013875	11	183	185	192	193	194	284	346	347	356	363	364	0	0	936	944	977	983	992	1400	1401	1402	1403	1404	1405
275	0.00013875	0.00013875	0.00018500	13	185	193	194	195	202	204	276	283	284	347	348	355	356	0	0	945	984	993	998	1038	1047	1406	1407	1408	1409	1410	1411	1412
276	0.00013875	0.00013875	0.00023125	13	185	196	268	275	277	284	285	286	348	349	356	357	365	0	0	946	1003	1367	1406	1413	1414	1415	1416	1417	1418	1419	1420	1421
277	0.00013875	0.00013875	0.00027750	15	196	197	205	267	268	269	276	278	287	349	350	359	366	367	368	0	0	1004	1012	1051	1363	1368	1373	1413	1422	1423	1424	1425	1426	1427	1428	1429
278	0.00013875	0.00013875	0.00032375	13	188	196	198	206	207	269	270	277	286	287	350	358	360	0	0	961	1005	1016	1058	1061	1374	1380	1422	1430	1431	1432	1433	1434
279	0.00013875	0.00013875	0.00037000	6	207	270	288	350	359	360	0	0	1062	1381	1435	1436	1437	1438
280	0.00013875	0.00018500	0.00000000	8	190	199	209	272	289	353	370	371	0	0	967	1020	1069	1388	1439	1440	1441	1442
281	0.00013875	0.00018500	0.00004625	14	190	192	200	201	208	209	282	289	291	352	353	354	361	372	0	0	968	978	1026	1033	1064	1070	1443	1444	1445	1446	1447	1448	1449	1450
282	0.00013875	0.00018500	0.00009250	15	192	193	200	209	272	273	281	283	291	354	355	363	364	371	372	0	0	979	985	1027	1071	1389	1394	1443	1451	1452	1453	1454	1455	1456	1457	1458
283	0.00013875	0.00018500	0.00013875	18	192	193	194	201	203	211	212	273	275	282	291	292	354	355	363	365	372	373	0	0	980	986	994	1034	1044	1085	1091	1395	1407	1451	1459	1460	1461	1462	1463	1464	1465	1466
284	0.00013875	0.00018500	0.00018500	9	193	212	274	275	276	292	357	365	373	0	0	987	1092	1400	1408	1414	1467	1468	1469	1470
285	0.00013875	0.00018500	0.00023125	9	203	212	213	214	276	357	358	365	375	0	0	1045	1093	1098	1106	1415	1471	1472	1473	1474
286	0.00013875	0.00018500	0.00027750	14	195	196	197	206	215	276	278	287	295	358	366	368	376	377	0	0	999	1006	1013	1059	1112	1416	1430	1475	1476	1477	1478	1479	1480	1481
287	0.00013875	0.00018500	0.00032375	15	196	215	216	277	278	286	288	297	358	359	368	369	376	377	378	0	0	1007	1113	1119	1423	1431	1475	1482	1483	1484	1485	1486	1487	1488	1489	1490
288	0.00013875	0.00018500	0.00037000	7	197	279	287	296	297	377	378	0	0	1014	1435	1482	1491	1492	1493	1494
289	0.00013875	0.00023125	0.00000000	9	200	218	280	281	299	362	370	379	380	0	0	1028	1127	1439	1444	1495	1496	1497	1498	1499
290	0.00013875	0.00023125	0.00004625	13	199	201	208	210	218	291	299	361	363	371	372	380	381	0	0	1021	1035	1065	1077	1128	1500	1501	1502	1503	1504	1505	1506	1507
291	0.00013875	0.00023125	0.00009250	13	202	209	210	219	281	282	283	290	363	364	372	373	380	0	0	1039	1072	1078	1133	1445	1452	1459	1500	1508	1509	1510	1511	1512
292	0.00013875	0.00023125	0.00013875	14	202	210	219	220	221	283	284	302	363	365	372	373	374	381	0	0	1040	1079	1134	1140	1147	1460	1467	1513	1514	1515	1516	1517	1518	1519
293	0.00013875	0.00023125	0.00018500	12	204	211	212	213	220	221	222	301	365	374	375	382	0	0	1048	1086	1094	1099	1141	1148	1156	1520	1521	1522	1523	1524
294	0.00013875	0.00023125	0.00023125	10	203	204	205	214	302	304	365	376	384	385	0	0	1046	1049	1052	1107	1525	1526	1527	1528	1529	1530
295	0.00013875	0.00023125	0.00027750	12	204	205	213	215	223	286	303	305	366	367	375	376	0	0	1050	1053	1100	1114	1162	1476	1531	1532	1533	1534	1535	1536
296	0.00013875	0.00023125	0.00032375	14	205	215	224	288	297	304	305	367	368	369	376	377	378	385	0	0	1054	1115	1163	1491	1537	1538	1539	1540	1541	1542	1543	1544	1545	1546
297	0.00013875	0.00023125	0.00037000	9	215	216	224	287	288	296	368	369	387	0	0	1116	1120	1164	1483	1492	1537	1547	1548	1549
298	0.00013875	0.00027750	0.00000000	9	208	209	217	218	299	307	370	371	380	0	0	1066	1073	1123	1129	1550	1551	1552	1553	1554
299	0.00013875	0.00027750	0.00004625	13	210	217	219	226	227	228	289	290	298	307	308	370	371	0	0	1080	1124	1135	1173	1177	1185	1495	1501	1550	1555	1556	1557	1558
300	0.00013875	0.00027750	0.00009250	12	210	211	218	220	227	301	308	310	381	382	389	391	0	0	1081	1087	1130	1142	1178	1559	1560	1561	1562	1563	1564	1565
301	0.00013875	0.00027750	0.00013875	13	210	219	221	228	293	300	309	373	374	381	382	390	391	0	0	1082	1136	1149	1186	1520	1559	1566	1567	1568	1569	1570	1571	1572
302	0.00013875	0.00027750	0.00018500	16	211	213	220	221	222	231	292	294	310	373	374	375	382	384	392	393	0	0	1088	1101	1143	1150	1157	1206	1513	1525	1573	1574	1575	1576	1577	1578	1579	1580
303	0.00013875	0.00027750	0.00023125	14	213	214	221	222	231	295	311	312	375	376	385	392	393	394	0	0	1102	1108	1151	1158	1207	1531	1581	1582	1583	1584	1585	1586	1587	1588
304	0.00013875	0.00027750	0.00027750	14	222	224	294	296	305	312	313	314	375	376	377	385	386	394	0	0	1159	1165	1526	1538	1589	1590	1591	1592	1593	1594	1595	1596	1597	1598
305	0.00013875	0.00027750	0.00032375	14	215	224	295	296	304	306	313	315	377	378	385	387	394	395	0	0	1117	1166	1532	1539	1589	1599	1600	1601	1602	1603	1604	1605	1606	1607
306	0.00013875	0.00027750	0.00037000	8	215	225	234	305	377	378	387	396	0	0	1118	1171	1216	1599	1608	1609	1610	1611
307	0.00013875	0.00032375	0.00000000	10	217	226	227	235	236	298	299	316	317	389	0	0	1125	1174	1179	1221	1222	1551	1555	1612	1613	1614
308	0.00013875	0.00032375	0.00004625	13	228	236	237	299	300	309	316	317	318	388	389	390	397	0	0	1187	1223	1227	1556	1560	1615	1616	1617	1618	1619	1620	1621	1622
309	0.00013875	0.00032375	0.00009250	11	219	227	228	229	301	308	310	317	381	382	400	0	0	1137	1180	1188	1193	1566	1615	1623	1624	1625	1626	1627
310	0.00013875	0.00032375	0.00013875	12	220	221	230	300	302	309	311	320	381	383	391	392	0	0	1144	1152	1198	1561	1573	1623	1628	1629	1630	1631	1632	1633
311	0.00013875	0.00032375	0.00018500	11	221	230	231	238	240	303	310	319	320	383	400	0	0	1153	1199	1208	1230	1236	1581	1628	1634	1635	1636	1637
312	0.00013875	0.00032375	0.00023125	11	230	232	303	304	313	320	322	384	385	402	403	0	0	1200	1210	1582	1590	1638	1639	1640	1641	1642	1643	1644
313	0.00013875	0.00032375	0.00027750	13	224	231	240	304	305	312	321	322	323	385	395	402	403	0	0	1167	1209	1237	1591	1600	1638	1645	1646	1647	1648	1649	1650	1651
314	0.00013875	0.00032375	0.00032375	14	224	232	233	234	243	304	322	323	324	385	387	396	403	404	0	0	1168	1211	1213	1217	1246	1592	1652	1653	1654	1655	1656	1657	1658	1659
315	0.00013875	0.00032375	0.00037000	6	234	242	243	305	323	395	0	0	1218	1243	1247	1601	1660	1661
316	0.00013875	0.00037000	0.00000000	8	227	307	308	317	388	389	397	398	0	0	1181	1612	1616	1662	1663	1664	1665	1666
317	0.00013875	0.00037000	0.00004625	11	226	227	228	236	307	308	309	316	318	390	397	0	0	1175	1182	1189	1224	1613	1617	1624	1662	1667	1668	1669
318	0.00013875	0.00037000	0.00009250	12	227	228	229	236	237	238	308	317	389	391	398	400	0	0	1183	1190	1194	1225	1228	1231	1618	1667	1670	1671	1672	1673
319	0.00013875	0.00037000	0.00013875	9	237	238	311	320	391	392	399	400	401	0	0	1229	1232	1634	1674	1675	1676	1677	1678	1679
320	0.00013875	0.00037000	0.00018500	9	230	238	240	310	311	312	319	321	401	0	0	1201	1233	1238	1629	1635	1639	1674	1680	1681
321	0.00013875	0.00037000	0.00023125	8	230	239	313	320	322	392	393	401	0	0	1202	1234	1645	1680	1682	1683	1684	1685
322	0.00013875	0.00037000	0.00027750	11	232	240	241	242	312	313	314	321	323	395	404	0	0	1212	1239	1241	1244	1640	1646	1652	1682	1686	1687	1688
323	0.00013875	0.00037000	0.00032375	12	233	234	243	313	314	315	322	394	395	396	403	405	0	0	1214	1219	1248	1647	1653	1660	1686	1689	1690	1691	1692	1693
324	0.00013875	0.00037000	0.00037000	6	233	234	242	314	395	405	0	0	1215	1220	1245	1654	1694	1695
325	0.00018500	0.00000000	0.00000000	4	253	254	406	416	0	0	1285	1289	1696	1697
326	0.00018500	0.00000000	0.00004625	7	246	253	334	335	407	408	415	0	0	1257	1286	1698	1699	1700	1701	1702
327	0.00018500	0.00000000	0.00009250	5	256	335	407	408	409	0	0	1304	1703	1704	1705	1706
328	0.00018500	0.00000000	0.00013875	12	247	248	255	257	329	337	338	408	409	417	418	419	0	0	1261	1266	1298	1309	1707	1708	1709	1710	1711	1712	1713	1714
329	0.00018500	0.00000000	0.00018500	9	247	248	258	328	330	337	338	410	420	0	0	1262	1267	1316	1707	1715	1716	1717	1718	1719
330	0.00018500	0.00000000	0.00023125	6	250	259	329	340	412	420	0	0	1273	1322	1715	1720	1721	1722
331	0.00018500	0.00000000	0.00027750	9	250	251	340	341	412	413	420	421	422	0	0	1274	1279	1723	1724	1725	1726	1727	1728	1729
332	0.00018500	0.00000000	0.00032375	6	333	341	412	413	422	423	0	0	1730	1731	1732	1733	1734	1735
333	0.00018500	0.00000000	0.00037000	6	252	261	332	341	413	423	0	0	1282	1331	1730	1736	1737	1738
334	0.00018500	0.00004625	0.00000000	10	245	254	263	326	335	343	344	407	424	425	0	0	1254	1290	1339	1698	1739	1740	1741	1742	1743	1744
335	0.00018500	0.00004625	0.00004625	12	244	246	254	255	263	264	326	327	334	345	416	417	0	0	1251	1258	1291	1299	1340	1347	1699	1703	1739	1745	1746	1747
336	0.00018500	0.00004625	0.00009250	12	246	247	254	255	263	264	337	346	408	417	425	426	0	0	1259	1263	1292	1300	1341	1348	1748	1749	1750	1751	1752	1753
337	0.00018500	0.00004625	0.00013875	15	247	255	257	265	328	329	336	338	345	347	409	410	417	419	426	0	0	1264	1301	1310	1355	1708	1716	1748	1754	1755	1756	1757	1758	1759	1760	1761
338	0.00018500	0.00004625	0.00018500	18	248	249	265	266	267	328	329	337	339	346	347	409	410	411	420	427	428	429	0	0	1268	1270	1356	1359	1364	1709	1717	1754	1762	1763	1764	1765	1766	1767	1768	1769	1770	1771
339	0.00018500	0.00004625	0.00023125	9	248	249	250	268	338	340	348	410	419	0	0	1269	1271	1275	1369	1762	1772	1773	1774	1775
340	0.00018500	0.00004625	0.00027750	13	251	260	268	330	331	339	341	348	349	413	420	421	422	0	0	1280	1326	1370	1720	1723	1772	1776	1777	1778	1779	1780	1781	1782
341	0.00018500	0.00004625	0.00032375	12	250	252	269	331	332	333	340	349	412	414	423	432	0	0	1276	1283	1375	1724	1731	1736	1776	1783	1784	1785	1786	1787
342	0.00018500	0.00004625	0.00037000	5	251	413	414	431	432	0	0	1281	1788	1789	1790	1791
343	0.00018500	0.00009250	0.00000000	16	253	254	262	263	271	272	334	344	352	353	415	416	424	425	433	434	0	0	1287	1293	1335	1342	1385	1390	1740	1792	1793	1794	1795	1796	1797	1798	1799	1800
344	0.00018500	0.00009250	0.00004625	12	254	262	263	264	271	334	343	352	353	425	433	434	0	0	1294	1336	1343	1349	1386	1741	1792	1801	1802	1803	1804	1805
345	0.00018500	0.00009250	0.00009250	12	254	255	256	264	335	337	353	354	425	426	427	434	0	0	1295	1302	1305	1350	1745	1755	1806	1807	1808	1809	1810	1811
346	0.00018500	0.00009250	0.00013875	12	257	266	274	336	338	354	355	419	427	428	436	437	0	0	1311	1360	1401	1749	1763	1812	1813	1814	1815	1816	1817	1818
347	0.00018500	0.00009250	0.00018500	13	257	258	265	266	274	275	337	338	348	356	357	429	438	0	0	1312	1317	1357	1361	1402	1409	1756	1764	1819	1820	1821	1822	1823
348	0.00018500	0.00009250	0.00023125	15	258	259	268	275	276	339	340	347	356	357	419	420	421	429	438	0	0	1318	1323	1371	1410	1417	1773	1777	1819	1824	1825	1826	1827	1828	1829	1830
349	0.00018500	0.00009250	0.00027750	13	258	260	269	276	277	340	341	350	358	421	422	430	438	0	0	1319	1327	1376	1418	1424	1778	1783	1831	1832	1833	1834	1835	1836
350	0.00018500	0.00009250	0.00032375	11	270	277	278	279	349	358	359	422	423	430	439	0	0	1382	1425	1432	1436	1831	1837	1838	1839	1840	1841	1842
351	0.00018500	0.00009250	0.00037000	4	260	360	431	432	0	0	1328	1843	1844	1845
352	0.00018500	0.00013875	0.00000000	11	262	263	281	343	344	362	424	425	434	442	443	0	0	1337	1344	1446	1793	1801	1846	1847	1848	1849	1850	1851
353	0.00018500	0.00013875	0.00004625	15	264	271	273	280	281	343	344	345	361	362	363	433	435	442	444	0	0	1351	1387	1396	1440	1447	1794	1802	1806	1852	1853	1854	1855	1856	1857	1858
354	0.00018500	0.00013875	0.00009250	16	264	265	273	281	282	283	345	346	355	362	426	427	434	443	444	445	0	0	1352	1358	1397	1448	1453	1461	1807	1812	1859	1860	1861	1862	1863	1864	1865	1866
355	0.00018500	0.00013875	0.00013875	15	264	273	275	282	283	346	354	363	426	427	428	435	437	444	446	0	0	1353	1398	1411	1454	1462	1813	1859	1867	1868	1869	1870	1871	1872	1873	1874
356	0.00018500	0.00013875	0.00018500	14	267	274	275	276	347	348	366	427	428	436	437	438	445	447	0	0	1365	1403	1412	1419	1820	1824	1875	1876	1877	1878	1879	1880	1881	1882
357	0.00018500	0.00013875	0.00023125	9	276	284	285	347	348	358	367	428	448	0	0	1420	1468	1471	1821	1825	1883	1884	1885	1886
358	0.00018500	0.00013875	0.00027750	17	269	278	285	286	287	349	350	357	368	430	431	438	439	440	447	448	449	0	0	1377	1433	1472	1477	1484	1832	1837	1883	1887	1888	1889	1890	1891	1892	1893	1894	1895
359	0.00018500	0.00013875	0.00032375	11	269	270	277	279	287	350	360	368	430	448	449	0	0	1378	1383	1426	1437	1485	1838	1896	1897	1898	1899	1900
360	0.00018500	0.00013875	0.00037000	12	269	278	279	351	359	368	369	431	432	440	449	450	0	0	1379	1434	1438	1843	1896	1901	1902	1903	1904	1905	1906	1907
361	0.00018500	0.00018500	0.00000000	6	272	281	290	353	442	451	0	0	1391	1449	1502	1852	1908	1909
362	0.00018500	0.00018500	0.00004625	13	272	289	352	353	354	371	372	442	443	444	451	452	453	0	0	1392	1496	1846	1853	1860	1910	1911	1912	1913	1914	1915	1916	1917
363	0.00018500	0.00018500	0.00009250	19	272	274	282	283	290	291	292	353	355	371	372	373	434	435	436	443	445	452	454	0	0	1393	1404	1455	1463	1503	1508	1514	1854	1867	1918	1919	1920	1921	1922	1923	1924	1925	1926	1927
364	0.00018500	0.00018500	0.00013875	13	273	274	282	291	365	372	435	436	437	444	445	454	455	0	0	1399	1405	1456	1509	1928	1929	1930	1931	1932	1933	1934	1935	1936
365	0.00018500	0.00018500	0.00018500	13	276	283	284	285	292	293	294	364	375	436	437	446	455	0	0	1421	1464	1469	1473	1515	1521	1527	1928	1937	1938	1939	1940	1941
366	0.00018500	0.00018500	0.00023125	8	277	286	295	356	438	439	455	457	0	0	1427	1478	1533	1875	1942	1943	1944	1945
367	0.00018500	0.00018500	0.00027750	11	277	295	296	357	368	375	376	439	447	457	458	0	0	1428	1534	1540	1884	1946	1947	1948	1949	1950	1951	1952
368	0.00018500	0.00018500	0.00032375	14	277	286	287	296	297	358	359	360	367	376	439	448	450	459	0	0	1429	1479	1486	1541	1547	1887	1897	1901	1946	1953	1954	1955	1956	1957
369	0.00018500	0.00018500	0.00037000	9	287	296	297	360	378	440	441	449	450	0	0	1487	1542	1548	1902	1958	1959	1960	1961	1962
370	0.00018500	0.00023125	0.00000000	10	280	289	298	299	371	379	442	451	460	461	0	0	1441	1497	1552	1557	1963	1964	1965	1966	1967	1968
371	0.00018500	0.00023125	0.00004625	16	280	282	290	298	299	362	363	370	372	443	444	451	453	460	461	462	0	0	1442	1457	1504	1553	1558	1910	1918	1963	1969	1970	1971	1972	1973	1974	1975	1976
372	0.00018500	0.00023125	0.00009250	13	281	282	283	290	291	292	362	363	364	371	382	452	463	0	0	1450	1458	1465	1505	1510	1516	1911	1919	1929	1969	1977	1978	1979
373	0.00018500	0.00023125	0.00013875	15	283	284	291	292	301	302	363	381	382	444	445	454	455	462	464	0	0	1466	1470	1511	1517	1567	1574	1920	1980	1981	1982	1983	1984	1985	1986	1987
374	0.00018500	0.00023125	0.00018500	11	292	293	301	302	383	384	445	446	447	454	456	0	0	1518	1522	1568	1575	1988	1989	1990	1991	1992	1993	1994
375	0.00018500	0.00023125	0.00023125	14	285	293	295	302	303	304	365	367	376	384	446	455	464	465	0	0	1474	1523	1535	1576	1583	1593	1937	1947	1995	1996	1997	1998	1999	2000
376	0.00018500	0.00023125	0.00027750	16	286	287	294	295	296	303	304	367	368	375	447	448	457	458	465	466	0	0	1480	1488	1528	1536	1543	1584	1594	1948	1953	1995	2001	2002	2003	2004	2005	2006
377	0.00018500	0.00023125	0.00032375	14	286	287	288	296	304	305	306	378	386	458	459	466	467	468	0	0	1481	1489	1493	1544	1595	1602	1608	2007	2008	2009	2010	2011	2012	2013
378	0.00018500	0.00023125	0.00037000	11	287	288	296	305	306	369	377	386	387	450	467	0	0	1490	1494	1545	1603	1609	1958	2007	2014	2015	2016	2017
379	0.00018500	0.00027750	0.00000000	7	289	370	388	389	460	469	470	0	0	1498	1964	2018	2019	2020	2021	2022
380	0.00018500	0.00027750	0.00004625	8	289	290	291	298	381	389	452	461	0	0	1499	1506	1512	1554	2023	2024	2025	2026
381	0.00018500	0.00027750	0.00009250	14	290	292	300	301	309	310	373	380	389	390	452	461	462	471	0	0	1507	1519	1562	1569	1625	1630	1980	2023	2027	2028	2029	2030	2031	2032
382	0.00018500	0.00027750	0.00013875	14	293	300	301	302	309	372	373	390	392	454	455	462	463	472	0	0	1524	1563	1570	1577	1626	1977	1981	2033	2034	2035	2036	2037	2038	2039
383	0.00018500	0.00027750	0.00018500	11	310	311	374	384	391	392	393	455	472	473	474	0	0	1631	1636	1988	2040	2041	2042	2043	2044	2045	2046	2047
384	0.00018500	0.00027750	0.00023125	13	294	302	312	374	375	383	385	392	393	455	456	457	474	0	0	1529	1578	1641	1989	1996	2040	2048	2049	2050	2051	2052	2053	2054
385	0.00018500	0.00027750	0.00027750	15	294	296	303	304	305	312	313	314	384	386	394	457	465	474	475	0	0	1530	1546	1585	1596	1604	1642	1648	1655	2048	2055	2056	2057	2058	2059	2060
386	0.00018500	0.00027750	0.00032375	14	304	377	378	385	387	394	395	396	457	458	459	475	476	477	0	0	1597	2008	2014	2055	2061	2062	2063	2064	2065	2066	2067	2068	2069	2070
387	0.00018500	0.00027750	0.00037000	10	297	305	306	314	378	386	396	467	476	477	0	0	1549	1605	1610	1656	2015	2061	2071	2072	2073	2074
388	0.00018500	0.00032375	0.00000000	8	308	316	379	389	461	470	478	479	0	0	1619	1663	2018	2075	2076	2077	2078	2079
389	0.00018500	0.00032375	0.00004625	17	300	307	308	316	318	379	380	381	388	390	397	398	399	462	469	471	479	0	0	1564	1614	1620	1664	1670	2019	2024	2027	2075	2080	2081	2082	2083	2084	2085	2086	2087
390	0.00018500	0.00032375	0.00009250	13	301	308	317	381	382	389	391	400	463	472	479	480	481	0	0	1571	1621	1668	2028	2033	2080	2088	2089	2090	2091	2092	2093	2094
391	0.00018500	0.00032375	0.00013875	11	300	301	310	318	319	383	390	399	464	471	482	0	0	1565	1572	1632	1671	1675	2041	2088	2095	2096	2097	2098
392	0.00018500	0.00032375	0.00018500	13	302	303	310	319	321	382	383	384	401	463	473	474	481	0	0	1579	1586	1633	1676	1683	2034	2042	2049	2099	2100	2101	2102	2103
393	0.00018500	0.00032375	0.00023125	12	302	303	321	383	384	394	464	466	474	475	482	483	0	0	1580	1587	1684	2043	2050	2104	2105	2106	2107	2108	2109	2110
394	0.00018500	0.00032375	0.00027750	17	303	304	305	323	385	386	393	402	404	465	466	467	474	476	483	484	485	0	0	1588	1598	1606	1689	2056	2062	2104	2111	2112	2113	2114	2115	2116	2117	2118	2119	2120
395	0.00018500	0.00032375	0.00032375	13	305	313	315	322	323	324	386	396	403	404	405	484	486	0	0	1607	1649	1661	1687	1690	1694	2063	2121	2122	2123	2124	2125	2126
396	0.00018500	0.00032375	0.00037000	11	306	314	323	386	387	395	405	476	477	485	486	0	0	1611	1657	1691	2064	2071	2121	2127	2128	2129	2130	2131
397	0.00018500	0.00037000	0.00000000	7	308	316	317	389	398	470	478	0	0	1622	1665	1669	2081	2132	2133	2134
398	0.00018500	0.00037000	0.00004625	10	316	318	389	397	399	469	470	471	478	480	0	0	1666	1672	2082	2132	2135	2136	2137	2138	2139	2140
399	0.00018500	0.00037000	0.00009250	7	319	389	391	398	400	472	481	0	0	1677	2083	2095	2135	2141	2142	2143
400	0.00018500	0.00037000	0.00013875	12	309	311	318	319	390	399	401	471	472	473	480	482	0	0	1627	1637	1673	1678	2089	2141	2144	2145	2146	2147	2148	2149
401	0.00018500	0.00037000	0.00018500	8	319	320	321	392	400	402	473	481	0	0	1679	1681	1685	2099	2144	2150	2151	2152
402	0.00018500	0.00037000	0.00023125	10	312	313	394	401	403	473	475	482	483	484	0	0	1643	1650	2111	2150	2153	2154	2155	2156	2157	2158
403	0.00018500	0.00037000	0.00027750	9	312	313	314	323	395	402	404	476	483	0	0	1644	1651	1658	1692	2122	2153	2159	2160	2161
404	0.00018500	0.00037000	0.00032375	9	314	322	394	395	403	405	475	477	486	0	0	1659	1688	2112	2123	2159	2162	2163	2164	2165
405	0.00018500	0.00037000	0.00037000	7	323	324	395	396	404	476	477	0	0	1693	1695	2124	2127	2162	2166	2167
406	0.00023125	0.00000000	0.00000000	3	325	488	497	0	0	1696	2168	2169
407	0.00023125	0.00000000	0.00004625	4	326	327	334	417	0	0	1700	1704	1742	2170
408	0.00023125	0.00000000	0.00009250	10	326	327	328	336	418	488	489	490	497	499	0	0	1701	1705	1710	1750	2171	2172	2173	2174	2175	2176
409	0.00023125	0.00000000	0.00013875	8	327	328	337	338	410	419	498	500	0	0	1706	1711	1757	1765	2177	2178	2179	2180
410	0.00023125	0.00000000	0.00018500	7	329	337	338	339	409	490	500	0	0	1718	1758	1766	1774	2177	2181	2182
411	0.00023125	0.00000000	0.00023125	8	338	412	419	420	491	492	500	502	0	0	1767	2183	2184	2185	2186	2187	2188	2189
412	0.00023125	0.00000000	0.00027750	12	330	331	332	341	411	413	420	421	492	494	501	502	0	0	1721	1725	1732	1784	2183	2190	2191	2192	2193	2194	2195	2196
413	0.00023125	0.00000000	0.00032375	12	331	332	333	340	342	412	414	423	494	495	502	503	0	0	1726	1733	1737	1779	1788	2190	2197	2198	2199	2200	2201	2202
414	0.00023125	0.00000000	0.00037000	4	341	342	413	423	0	0	1785	1789	2197	2203
415	0.00023125	0.00004625	0.00000000	5	326	343	424	496	505	0	0	1702	1795	2204	2205	2206
416	0.00023125	0.00004625	0.00004625	12	325	335	343	417	424	425	487	489	496	498	506	507	0	0	1697	1746	1796	2207	2208	2209	2210	2211	2212	2213	2214	2215
417	0.00023125	0.00004625	0.00009250	13	328	335	336	337	407	416	426	488	490	497	498	507	508	0	0	1712	1747	1751	1759	2170	2207	2216	2217	2218	2219	2220	2221	2222
418	0.00023125	0.00004625	0.00013875	11	328	408	419	427	428	489	491	498	499	507	508	0	0	1713	2171	2223	2224	2225	2226	2227	2228	2229	2230	2231
419	0.00023125	0.00004625	0.00018500	14	328	337	339	346	348	409	411	418	420	429	490	499	508	510	0	0	1714	1760	1775	1814	1826	2178	2184	2223	2232	2233	2234	2235	2236	2237
420	0.00023125	0.00004625	0.00023125	15	329	330	331	338	340	348	411	412	419	428	491	493	509	510	511	0	0	1719	1722	1727	1768	1780	1827	2185	2191	2232	2238	2239	2240	2241	2242	2243
421	0.00023125	0.00004625	0.00027750	11	331	340	348	349	412	429	430	494	501	502	503	0	0	1728	1781	1828	1833	2192	2244	2245	2246	2247	2248	2249
422	0.00023125	0.00004625	0.00032375	12	331	332	340	349	350	423	430	432	494	495	512	513	0	0	1729	1734	1782	1834	1839	2250	2251	2252	2253	2254	2255	2256
423	0.00023125	0.00004625	0.00037000	12	332	333	341	350	413	414	422	431	494	495	503	512	0	0	1735	1738	1786	1840	2198	2203	2250	2257	2258	2259	2260	2261
424	0.00023125	0.00009250	0.00000000	9	334	343	352	415	416	425	433	434	496	0	0	1743	1797	1847	2204	2208	2262	2263	2264	2265
425	0.00023125	0.00009250	0.00004625	17	334	336	343	344	345	352	416	424	434	496	497	498	505	506	507	514	515	0	0	1744	1752	1798	1803	1808	1848	2209	2262	2266	2267	2268	2269	2270	2271	2272	2273	2274
426	0.00023125	0.00009250	0.00009250	11	336	337	345	354	355	417	427	435	499	516	517	0	0	1753	1761	1809	1861	1868	2216	2275	2276	2277	2278	2279
427	0.00023125	0.00009250	0.00013875	16	338	345	346	354	355	356	418	426	435	437	498	507	508	509	517	518	0	0	1769	1810	1815	1862	1869	1876	2224	2275	2280	2281	2282	2283	2284	2285	2286	2287
428	0.00023125	0.00009250	0.00018500	14	338	346	355	356	357	418	420	437	499	500	501	509	510	519	0	0	1770	1816	1870	1877	1885	2225	2238	2288	2289	2290	2291	2292	2293	2294
429	0.00023125	0.00009250	0.00023125	10	338	347	348	419	421	430	437	439	511	519	0	0	1771	1822	1829	2233	2244	2295	2296	2297	2298	2299
430	0.00023125	0.00009250	0.00027750	13	349	350	358	359	421	422	429	439	501	503	512	519	520	0	0	1835	1841	1888	1898	2245	2251	2295	2300	2301	2302	2303	2304	2305
431	0.00023125	0.00009250	0.00032375	10	342	351	358	360	423	432	503	504	513	522	0	0	1790	1844	1889	1903	2257	2306	2307	2308	2309	2310
432	0.00023125	0.00009250	0.00037000	12	341	342	351	360	422	431	440	441	503	512	513	522	0	0	1787	1791	1845	1904	2252	2306	2311	2312	2313	2314	2315	2316
433	0.00023125	0.00013875	0.00000000	9	343	344	353	424	434	443	505	514	524	0	0	1799	1804	1855	2263	2317	2318	2319	2320	2321
434	0.00023125	0.00013875	0.00004625	16	343	344	345	352	354	363	424	425	433	444	505	507	514	515	524	525	0	0	1800	1805	1811	1849	1863	1921	2264	2266	2317	2322	2323	2324	2325	2326	2327	2328
435	0.00023125	0.00013875	0.00009250	13	353	355	363	364	426	427	436	444	506	515	516	525	526	0	0	1856	1871	1922	1930	2276	2280	2329	2330	2331	2332	2333	2334	2335
436	0.00023125	0.00013875	0.00013875	14	346	356	363	364	365	435	444	445	507	508	509	517	518	526	0	0	1817	1878	1923	1931	1938	2329	2336	2337	2338	2339	2340	2341	2342	2343
437	0.00023125	0.00013875	0.00018500	13	346	355	356	364	365	427	428	429	438	445	508	526	528	0	0	1818	1872	1879	1932	1939	2281	2288	2296	2344	2345	2346	2347	2348
438	0.00023125	0.00013875	0.00023125	12	347	348	349	356	358	366	437	446	447	510	511	518	0	0	1823	1830	1836	1880	1890	1942	2344	2349	2350	2351	2352	2353
439	0.00023125	0.00013875	0.00027750	10	350	358	366	367	368	429	430	449	510	530	0	0	1842	1891	1943	1949	1954	2297	2300	2354	2355	2356
440	0.00023125	0.00013875	0.00032375	13	358	360	369	432	441	449	450	511	512	513	521	522	529	0	0	1892	1905	1959	2311	2357	2358	2359	2360	2361	2362	2363	2364	2365
441	0.00023125	0.00013875	0.00037000	11	369	432	440	449	450	512	513	521	522	530	531	0	0	1960	2312	2357	2366	2367	2368	2369	2370	2371	2372	2373
442	0.00023125	0.00018500	0.00000000	10	352	353	361	362	370	443	451	452	514	524	0	0	1850	1857	1908	1912	1965	2374	2375	2376	2377	2378
443	0.00023125	0.00018500	0.00004625	12	352	354	362	363	371	433	442	453	514	515	516	524	0	0	1851	1864	1913	1924	1970	2318	2374	2379	2380	2381	2382	2383
444	0.00023125	0.00018500	0.00009250	15	353	354	355	362	364	371	373	434	435	436	454	516	524	525	533	0	0	1858	1865	1873	1914	1933	1971	1982	2322	2330	2336	2384	2385	2386	2387	2388
445	0.00023125	0.00018500	0.00013875	16	354	356	363	364	373	374	436	437	446	453	455	518	525	526	527	536	0	0	1866	1881	1925	1934	1983	1990	2337	2345	2389	2390	2391	2392	2393	2394	2395	2396
446	0.00023125	0.00018500	0.00018500	11	355	365	374	375	438	445	456	527	535	536	537	0	0	1874	1940	1991	1997	2349	2389	2397	2398	2399	2400	2401
447	0.00023125	0.00018500	0.00023125	11	356	358	367	374	376	438	448	518	519	520	529	0	0	1882	1893	1950	1992	2001	2350	2402	2403	2404	2405	2406
448	0.00023125	0.00018500	0.00027750	13	357	358	359	368	376	447	458	519	521	528	529	537	539	0	0	1886	1894	1899	1955	2002	2402	2407	2408	2409	2410	2411	2412	2413
449	0.00023125	0.00018500	0.00032375	11	358	359	360	369	439	440	441	457	459	521	530	0	0	1895	1900	1906	1961	2354	2358	2366	2414	2415	2416	2417
450	0.00023125	0.00018500	0.00037000	11	360	368	369	378	440	441	522	530	531	539	540	0	0	1907	1956	1962	2016	2359	2367	2418	2419	2420	2421	2422
451	0.00023125	0.00023125	0.00000000	9	361	362	370	371	442	452	523	532	541	0	0	1909	1915	1966	1972	2375	2423	2424	2425	2426
452	0.00023125	0.00023125	0.00004625	13	362	363	372	380	381	442	451	453	460	461	462	525	541	0	0	1916	1926	1978	2025	2029	2376	2423	2427	2428	2429	2430	2431	2432
453	0.00023125	0.00023125	0.00009250	13	362	371	443	445	452	454	461	463	524	525	533	534	544	0	0	1917	1973	2379	2390	2427	2433	2434	2435	2436	2437	2438	2439	2440
454	0.00023125	0.00023125	0.00013875	14	363	364	373	374	382	444	453	455	462	463	464	527	536	544	0	0	1927	1935	1984	1993	2035	2384	2433	2441	2442	2443	2444	2445	2446	2447
455	0.00023125	0.00023125	0.00018500	15	364	365	366	373	375	382	383	384	445	454	465	526	535	537	545	0	0	1936	1941	1944	1985	1998	2036	2044	2051	2391	2441	2448	2449	2450	2451	2452
456	0.00023125	0.00023125	0.00023125	9	374	384	446	464	466	536	537	538	547	0	0	1994	2052	2397	2453	2454	2455	2456	2457	2458
457	0.00023125	0.00023125	0.00027750	15	366	367	376	384	385	386	449	466	528	529	530	537	538	539	548	0	0	1945	1951	2003	2053	2057	2065	2414	2459	2460	2461	2462	2463	2464	2465	2466
458	0.00023125	0.00023125	0.00032375	11	367	376	377	386	448	459	467	530	531	538	540	0	0	1952	2004	2009	2066	2407	2467	2468	2469	2470	2471	2472
459	0.00023125	0.00023125	0.00037000	8	368	377	386	449	458	467	539	540	0	0	1957	2010	2067	2415	2467	2473	2474	2475
460	0.00023125	0.00027750	0.00000000	9	370	371	379	452	461	470	532	542	551	0	0	1967	1974	2020	2428	2476	2477	2478	2479	2480
461	0.00023125	0.00027750	0.00004625	14	370	371	380	381	388	452	453	460	469	471	534	542	551	552	0	0	1968	1975	2026	2030	2076	2429	2434	2476	2481	2482	2483	2484	2485	2486
462	0.00023125	0.00027750	0.00009250	11	371	373	381	382	389	452	454	463	472	543	552	0	0	1976	1986	2031	2037	2084	2430	2442	2487	2488	2489	2490
463	0.00023125	0.00027750	0.00013875	19	372	382	390	392	453	454	462	464	471	472	473	534	535	536	543	544	545	552	553	0	0	1979	2038	2090	2100	2435	2443	2487	2491	2492	2493	2494	2495	2496	2497	2498	2499	2500	2501	2502
464	0.00023125	0.00027750	0.00018500	14	373	375	391	393	454	456	463	465	472	535	536	537	545	546	0	0	1987	1999	2096	2105	2444	2453	2491	2503	2504	2505	2506	2507	2508	2509
465	0.00023125	0.00027750	0.00023125	11	375	376	385	394	455	464	466	475	536	547	554	0	0	2000	2005	2058	2113	2448	2503	2510	2511	2512	2513	2514
466	0.00023125	0.00027750	0.00027750	14	376	377	393	394	456	457	465	467	476	539	546	547	548	555	0	0	2006	2011	2106	2114	2454	2459	2510	2515	2516	2517	2518	2519	2520	2521
467	0.00023125	0.00027750	0.00032375	15	377	378	387	394	458	459	466	475	476	477	538	539	549	556	558	0	0	2012	2017	2072	2115	2468	2473	2515	2522	2523	2524	2525	2526	2527	2528	2529
468	0.00023125	0.00027750	0.00037000	3	377	540	558	0	0	2013	2530	2531
469	0.00023125	0.00032375	0.00000000	8	379	389	398	461	470	479	559	560	0	0	2021	2085	2136	2481	2532	2533	2534	2535
470	0.00023125	0.00032375	0.00004625	11	379	388	397	398	460	469	542	543	552	559	561	0	0	2022	2077	2133	2137	2477	2532	2536	2537	2538	2539	2540
471	0.00023125	0.00032375	0.00009250	13	381	389	391	398	400	461	463	472	479	481	542	551	553	0	0	2032	2086	2097	2138	2145	2482	2492	2541	2542	2543	2544	2545	2546
472	0.00023125	0.00032375	0.00013875	13	382	383	390	399	400	462	463	464	471	473	481	543	561	0	0	2039	2045	2091	2142	2146	2488	2493	2504	2541	2547	2548	2549	2550
473	0.00023125	0.00032375	0.00018500	13	383	392	400	401	402	463	472	481	546	553	554	562	563	0	0	2046	2101	2147	2151	2154	2494	2547	2551	2552	2553	2554	2555	2556
474	0.00023125	0.00032375	0.00023125	15	383	384	385	392	393	394	483	545	546	554	555	556	563	564	565	0	0	2047	2054	2059	2102	2107	2116	2557	2558	2559	2560	2561	2562	2563	2564	2565
475	0.00023125	0.00032375	0.00027750	15	385	386	393	402	404	465	467	476	483	484	485	546	557	565	566	0	0	2060	2068	2108	2155	2163	2511	2522	2566	2567	2568	2569	2570	2571	2572	2573
476	0.00023125	0.00032375	0.00032375	15	386	387	394	396	403	405	466	467	475	477	486	547	548	556	567	0	0	2069	2073	2117	2128	2160	2166	2516	2523	2566	2574	2575	2576	2577	2578	2579
477	0.00023125	0.00032375	0.00037000	10	386	387	396	404	405	467	476	486	548	567	0	0	2070	2074	2129	2164	2167	2524	2574	2580	2581	2582
478	0.00023125	0.00037000	0.00000000	5	388	397	398	550	559	0	0	2078	2134	2139	2583	2584
479	0.00023125	0.00037000	0.00004625	8	388	389	390	469	471	480	550	561	0	0	2079	2087	2092	2533	2542	2585	2586	2587
480	0.00023125	0.00037000	0.00009250	8	390	398	400	479	552	553	560	561	0	0	2093	2140	2148	2585	2588	2589	2590	2591
481	0.00023125	0.00037000	0.00013875	9	390	392	399	401	471	472	473	552	553	0	0	2094	2103	2143	2152	2543	2548	2551	2592	2593
482	0.00023125	0.00037000	0.00018500	9	391	393	400	402	483	553	554	555	564	0	0	2098	2109	2149	2156	2594	2595	2596	2597	2598
483	0.00023125	0.00037000	0.00023125	10	393	394	402	403	474	475	482	554	556	565	0	0	2110	2118	2157	2161	2557	2567	2594	2599	2600	2601
484	0.00023125	0.00037000	0.00027750	8	394	395	402	475	485	557	564	566	0	0	2119	2125	2158	2568	2602	2603	2604	2605
485	0.00023125	0.00037000	0.00032375	6	394	396	475	484	556	566	0	0	2120	2130	2569	2602	2606	2607
486	0.00023125	0.00037000	0.00037000	8	395	396	404	476	477	557	558	567	0	0	2126	2131	2165	2575	2580	2608	2609	2610
487	0.00027750	0.00000000	0.00000000	4	416	497	577	578	0	0	2210	2611	2612	2613
488	0.00027750	0.00000000	0.00004625	8	406	408	417	497	570	577	578	579	0	0	2168	2172	2217	2614	2615	2616	2617	2618
489	0.00027750	0.00000000	0.00009250	7	408	416	418	497	570	579	580	0	0	2173	2211	2226	2619	2620	2621	2622
490	0.00027750	0.00000000	0.00013875	11	408	410	417	419	498	499	500	570	572	579	581	0	0	2174	2181	2218	2234	2623	2624	2625	2626	2627	2628	2629
491	0.00027750	0.00000000	0.00018500	8	411	418	420	492	501	572	581	582	0	0	2186	2227	2239	2630	2631	2632	2633	2634
492	0.00027750	0.00000000	0.00023125	9	411	412	491	500	502	572	581	582	583	0	0	2187	2193	2630	2635	2636	2637	2638	2639	2640
493	0.00027750	0.00000000	0.00027750	7	420	502	503	573	575	583	584	0	0	2240	2641	2642	2643	2644	2645	2646
494	0.00027750	0.00000000	0.00032375	13	412	413	421	422	423	495	502	503	504	574	575	576	584	0	0	2194	2199	2246	2253	2258	2647	2648	2649	2650	2651	2652	2653	2654
495	0.00027750	0.00000000	0.00037000	7	413	422	423	494	503	504	584	0	0	2200	2254	2259	2647	2655	2656	2657
496	0.00027750	0.00004625	0.00000000	9	415	416	424	425	497	577	578	586	587	0	0	2205	2212	2265	2267	2658	2659	2660	2661	2662
497	0.00027750	0.00004625	0.00004625	17	406	408	417	425	487	488	489	496	498	505	506	507	569	577	579	586	587	0	0	2169	2175	2219	2268	2611	2614	2619	2658	2663	2664	2665	2666	2667	2668	2669	2670	2671
498	0.00027750	0.00004625	0.00009250	16	409	416	417	418	425	427	490	497	506	507	508	569	571	579	580	587	0	0	2179	2213	2220	2228	2269	2282	2623	2663	2672	2673	2674	2675	2676	2677	2678	2679
499	0.00027750	0.00004625	0.00013875	11	408	418	419	426	428	490	500	507	570	571	572	0	0	2176	2229	2235	2277	2289	2624	2680	2681	2682	2683	2684
500	0.00027750	0.00004625	0.00018500	16	409	410	411	428	490	492	499	508	509	510	571	572	573	580	581	589	0	0	2180	2182	2188	2290	2625	2635	2680	2685	2686	2687	2688	2689	2690	2691	2692	2693
501	0.00027750	0.00004625	0.00023125	16	412	421	428	430	491	502	509	510	511	572	573	574	581	582	591	592	0	0	2195	2247	2291	2301	2631	2694	2695	2696	2697	2698	2699	2700	2701	2702	2703	2704
502	0.00027750	0.00004625	0.00027750	16	411	412	413	421	492	493	494	501	510	573	574	583	584	591	592	593	0	0	2189	2196	2201	2248	2636	2641	2648	2694	2705	2706	2707	2708	2709	2710	2711	2712
503	0.00027750	0.00004625	0.00032375	16	413	421	423	430	431	432	493	494	495	504	574	575	584	592	593	594	0	0	2202	2249	2260	2302	2307	2313	2642	2649	2655	2713	2714	2715	2716	2717	2718	2719
504	0.00027750	0.00004625	0.00037000	7	431	494	495	503	513	575	585	0	0	2308	2650	2656	2713	2720	2721	2722
505	0.00027750	0.00009250	0.00000000	10	415	425	433	434	497	515	577	586	587	595	0	0	2206	2270	2319	2323	2664	2723	2724	2725	2726	2727
506	0.00027750	0.00009250	0.00004625	13	416	425	435	497	498	515	516	577	578	579	595	596	597	0	0	2214	2271	2331	2665	2672	2728	2729	2730	2731	2732	2733	2734	2735
507	0.00027750	0.00009250	0.00009250	16	416	417	418	425	427	434	436	497	498	499	508	578	580	587	589	598	0	0	2215	2221	2230	2272	2283	2324	2338	2666	2673	2681	2736	2737	2738	2739	2740	2741
508	0.00027750	0.00009250	0.00013875	16	417	418	419	427	436	437	498	500	507	516	517	518	580	581	597	598	0	0	2222	2231	2236	2284	2339	2346	2674	2685	2736	2742	2743	2744	2745	2746	2747	2748
509	0.00027750	0.00009250	0.00018500	14	420	427	428	436	500	501	510	517	519	580	581	582	589	591	0	0	2241	2285	2292	2340	2686	2695	2749	2750	2751	2752	2753	2754	2755	2756
510	0.00027750	0.00009250	0.00023125	14	419	420	428	438	439	500	501	502	509	518	581	583	591	601	0	0	2237	2242	2293	2351	2355	2687	2696	2705	2749	2757	2758	2759	2760	2761
511	0.00027750	0.00009250	0.00027750	14	420	429	438	440	501	519	520	583	584	591	592	593	601	602	0	0	2243	2298	2352	2360	2697	2762	2763	2764	2765	2766	2767	2768	2769	2770
512	0.00027750	0.00009250	0.00032375	10	422	423	430	432	440	441	513	521	522	585	0	0	2255	2261	2303	2314	2361	2368	2771	2772	2773	2774
513	0.00027750	0.00009250	0.00037000	10	422	431	432	440	441	504	512	521	593	603	0	0	2256	2309	2315	2362	2369	2720	2771	2775	2776	2777
514	0.00027750	0.00013875	0.00000000	10	425	433	434	442	443	515	524	595	604	605	0	0	2273	2320	2325	2377	2380	2778	2779	2780	2781	2782
515	0.00027750	0.00013875	0.00004625	15	425	434	435	443	505	506	514	523	524	525	586	595	597	604	606	0	0	2274	2326	2332	2381	2723	2728	2778	2783	2784	2785	2786	2787	2788	2789	2790
516	0.00027750	0.00013875	0.00009250	12	426	435	443	444	506	508	524	525	526	588	589	607	0	0	2278	2333	2382	2385	2729	2742	2791	2792	2793	2794	2795	2796
517	0.00027750	0.00013875	0.00013875	12	426	427	436	508	509	518	525	526	588	597	598	599	0	0	2279	2286	2341	2743	2750	2797	2798	2799	2800	2801	2802	2803
518	0.00027750	0.00013875	0.00018500	12	427	436	438	445	447	508	510	517	526	528	589	598	0	0	2287	2342	2353	2392	2403	2744	2757	2797	2804	2805	2806	2807
519	0.00027750	0.00013875	0.00023125	12	428	429	430	447	448	509	511	520	527	592	601	608	0	0	2294	2299	2304	2404	2408	2751	2762	2808	2809	2810	2811	2812
520	0.00027750	0.00013875	0.00027750	11	430	447	511	519	528	530	592	593	600	601	609	0	0	2305	2405	2763	2808	2813	2814	2815	2816	2817	2818	2819
521	0.00027750	0.00013875	0.00032375	11	440	441	448	449	512	513	522	529	592	593	610	0	0	2363	2370	2409	2416	2772	2775	2820	2821	2822	2823	2824
522	0.00027750	0.00013875	0.00037000	11	431	432	440	441	450	512	521	531	594	602	611	0	0	2310	2316	2364	2371	2418	2773	2820	2825	2826	2827	2828
523	0.00027750	0.00018500	0.00000000	10	451	515	524	533	595	596	604	605	613	614	0	0	2424	2783	2829	2830	2831	2832	2833	2834	2835	2836
524	0.00027750	0.00018500	0.00004625	19	433	434	442	443	444	453	514	515	516	523	532	534	597	604	605	606	613	614	615	0	0	2321	2327	2378	2383	2386	2436	2779	2784	2791	2829	2837	2838	2839	2840	2841	2842	2843	2844	2845
525	0.00027750	0.00018500	0.00009250	16	434	435	444	445	452	453	515	516	517	526	596	597	605	606	607	616	0	0	2328	2334	2387	2393	2431	2437	2785	2792	2798	2846	2847	2848	2849	2850	2851	2852
526	0.00027750	0.00018500	0.00013875	15	435	436	437	445	455	516	517	518	525	534	536	597	598	599	615	0	0	2335	2343	2347	2394	2449	2793	2799	2804	2846	2853	2854	2855	2856	2857	2858
527	0.00027750	0.00018500	0.00018500	10	445	446	454	519	535	536	598	599	609	618	0	0	2395	2398	2445	2809	2859	2860	2861	2862	2863	2864
528	0.00027750	0.00018500	0.00023125	13	437	448	457	518	520	529	536	537	538	608	609	610	618	0	0	2348	2410	2460	2805	2813	2865	2866	2867	2868	2869	2870	2871	2872
529	0.00027750	0.00018500	0.00027750	15	440	447	448	457	521	528	537	538	539	601	602	609	610	619	620	0	0	2365	2406	2411	2461	2821	2865	2873	2874	2875	2876	2877	2878	2879	2880	2881
530	0.00027750	0.00018500	0.00032375	13	439	441	449	450	457	458	520	602	603	610	611	620	621	0	0	2356	2372	2417	2419	2462	2469	2814	2882	2883	2884	2885	2886	2887
531	0.00027750	0.00018500	0.00037000	8	441	450	458	522	539	603	612	620	0	0	2373	2420	2470	2825	2888	2889	2890	2891
532	0.00027750	0.00023125	0.00000000	8	451	460	524	541	605	613	614	623	0	0	2425	2478	2837	2892	2893	2894	2895	2896
533	0.00027750	0.00023125	0.00004625	9	444	453	523	534	541	542	543	604	622	0	0	2388	2438	2830	2897	2898	2899	2900	2901	2902
534	0.00027750	0.00023125	0.00009250	14	453	461	463	524	526	533	543	544	605	606	607	615	616	624	0	0	2439	2483	2495	2838	2853	2897	2903	2904	2905	2906	2907	2908	2909	2910
535	0.00027750	0.00023125	0.00013875	10	446	455	463	464	527	544	545	606	608	625	0	0	2399	2450	2496	2505	2859	2911	2912	2913	2914	2915
536	0.00027750	0.00023125	0.00018500	16	445	446	454	456	463	464	465	526	527	528	545	546	617	618	625	627	0	0	2396	2400	2446	2455	2497	2506	2512	2854	2860	2866	2916	2917	2918	2919	2920	2921
537	0.00027750	0.00023125	0.00023125	14	446	448	455	456	457	464	528	529	538	547	609	610	619	627	0	0	2401	2412	2451	2456	2463	2507	2867	2873	2922	2923	2924	2925	2926	2927
538	0.00027750	0.00023125	0.00027750	14	456	457	458	467	528	529	537	548	609	610	611	618	620	628	0	0	2457	2464	2471	2525	2868	2874	2922	2928	2929	2930	2931	2932	2933	2934
539	0.00027750	0.00023125	0.00032375	15	448	450	457	459	466	467	529	531	540	549	611	619	620	629	630	0	0	2413	2421	2465	2474	2517	2526	2875	2888	2935	2936	2937	2938	2939	2940	2941
540	0.00027750	0.00023125	0.00037000	9	450	458	459	468	539	549	611	620	629	0	0	2422	2472	2475	2530	2935	2942	2943	2944	2945
541	0.00027750	0.00027750	0.00000000	8	451	452	532	533	550	622	623	632	0	0	2426	2432	2892	2898	2946	2947	2948	2949
542	0.00027750	0.00027750	0.00004625	13	460	461	470	471	533	543	550	613	615	623	624	632	633	0	0	2479	2484	2536	2544	2899	2950	2951	2952	2953	2954	2955	2956	2957
543	0.00027750	0.00027750	0.00009250	14	462	463	470	472	533	534	542	544	615	616	624	625	632	633	0	0	2489	2498	2537	2549	2900	2903	2950	2958	2959	2960	2961	2962	2963	2964
544	0.00027750	0.00027750	0.00013875	13	453	454	463	534	535	543	553	615	616	617	625	633	634	0	0	2440	2447	2499	2904	2911	2958	2965	2966	2967	2968	2969	2970	2971
545	0.00027750	0.00027750	0.00018500	13	455	463	464	474	535	536	546	553	555	618	625	626	636	0	0	2452	2500	2508	2558	2912	2916	2972	2973	2974	2975	2976	2977	2978
546	0.00027750	0.00027750	0.00023125	14	464	466	473	474	475	536	545	555	556	617	619	626	627	635	0	0	2509	2518	2552	2559	2570	2917	2972	2979	2980	2981	2982	2983	2984	2985
547	0.00027750	0.00027750	0.00027750	12	456	465	466	476	537	548	556	557	620	627	629	636	0	0	2458	2513	2519	2576	2923	2986	2987	2988	2989	2990	2991	2992
548	0.00027750	0.00027750	0.00032375	14	457	466	476	477	538	547	549	558	619	621	628	629	637	639	0	0	2466	2520	2577	2581	2928	2986	2993	2994	2995	2996	2997	2998	2999	3000
549	0.00027750	0.00027750	0.00037000	7	467	539	540	548	557	629	638	0	0	2527	2936	2942	2993	3001	3002	3003
550	0.00027750	0.00032375	0.00000000	7	478	479	541	542	559	623	631	0	0	2583	2586	2946	2951	3004	3005	3006
551	0.00027750	0.00032375	0.00004625	9	460	461	471	552	560	561	624	631	641	0	0	2480	2485	2545	3007	3008	3009	3010	3011	3012
552	0.00027750	0.00032375	0.00009250	11	461	462	463	470	480	481	551	633	641	642	643	0	0	2486	2490	2501	2538	2588	2592	3007	3013	3014	3015	3016
553	0.00027750	0.00032375	0.00013875	14	463	471	473	480	481	482	544	545	561	562	624	625	626	635	0	0	2502	2546	2553	2589	2593	2595	2965	2973	3017	3018	3019	3020	3021	3022
554	0.00027750	0.00032375	0.00018500	10	465	473	474	482	483	625	627	634	643	644	0	0	2514	2554	2560	2596	2599	3023	3024	3025	3026	3027
555	0.00027750	0.00032375	0.00023125	11	466	474	482	545	546	565	627	628	635	636	645	0	0	2521	2561	2597	2974	2979	3028	3029	3030	3031	3032	3033
556	0.00027750	0.00032375	0.00027750	16	467	474	476	483	485	546	547	564	627	628	629	636	637	638	645	646	0	0	2528	2562	2578	2600	2606	2980	2987	3034	3035	3036	3037	3038	3039	3040	3041	3042
557	0.00027750	0.00032375	0.00032375	14	475	484	486	547	549	565	566	567	628	629	637	639	646	648	0	0	2571	2603	2608	2988	3001	3043	3044	3045	3046	3047	3048	3049	3050	3051
558	0.00027750	0.00032375	0.00037000	7	467	468	486	548	567	638	648	0	0	2529	2531	2609	2994	3052	3053	3054
559	0.00027750	0.00037000	0.00000000	7	469	470	478	550	631	640	641	0	0	2534	2539	2584	3004	3055	3056	3057
560	0.00027750	0.00037000	0.00004625	6	469	480	551	561	631	633	0	0	2535	2590	3008	3058	3059	3060
561	0.00027750	0.00037000	0.00009250	9	470	472	479	480	551	553	560	632	634	0	0	2540	2550	2587	2591	3009	3017	3058	3061	3062
562	0.00027750	0.00037000	0.00013875	4	473	553	643	644	0	0	2555	3018	3063	3064
563	0.00027750	0.00037000	0.00018500	4	473	474	564	635	0	0	2556	2563	3065	3066
564	0.00027750	0.00037000	0.00023125	8	474	482	484	556	563	635	636	637	0	0	2564	2598	2604	3034	3065	3067	3068	3069
565	0.00027750	0.00037000	0.00027750	9	474	475	483	555	557	636	638	646	647	0	0	2565	2572	2601	3028	3043	3070	3071	3072	3073
566	0.00027750	0.00037000	0.00032375	10	475	484	485	557	567	637	638	639	647	648	0	0	2573	2605	2607	3044	3074	3075	3076	3077	3078	3079
567	0.00027750	0.00037000	0.00037000	7	476	477	486	557	558	566	638	0	0	2579	2582	2610	3045	3052	3074	3080
568	0.00032375	0.00000000	0.00000000	2	578	659	0	0	3081	3082
569	0.00032375	0.00000000	0.00004625	6	497	498	570	649	651	658	0	0	2667	2675	3083	3084	3085	3086
570	0.00032375	0.00000000	0.00009250	8	488	489	490	499	569	580	650	652	0	0	2615	2620	2626	2682	3083	3087	3088	3089
571	0.00032375	0.00000000	0.00013875	8	498	499	500	581	653	660	661	662	0	0	2676	2683	2688	3090	3091	3092	3093	3094
572	0.00032375	0.00000000	0.00018500	12	490	491	492	499	500	501	573	581	582	652	661	663	0	0	2627	2632	2637	2684	2689	2698	3095	3096	3097	3098	3099	3100
573	0.00032375	0.00000000	0.00023125	9	493	500	501	502	572	581	654	662	664	0	0	2643	2690	2699	2706	3095	3101	3102	3103	3104
574	0.00032375	0.00000000	0.00027750	9	494	501	502	503	575	583	654	655	664	0	0	2651	2700	2707	2714	3105	3106	3107	3108	3109
575	0.00032375	0.00000000	0.00032375	8	493	494	503	504	574	585	656	666	0	0	2644	2652	2715	2721	3105	3110	3111	3112
576	0.00032375	0.00000000	0.00037000	5	494	584	657	665	666	0	0	2653	3113	3114	3115	3116
577	0.00032375	0.00004625	0.00000000	10	487	488	496	497	505	506	586	650	667	668	0	0	2612	2616	2659	2668	2724	2730	3117	3118	3119	3120
578	0.00032375	0.00004625	0.00004625	14	487	488	496	506	507	568	579	586	587	650	658	660	667	668	0	0	2613	2617	2660	2731	2737	3081	3121	3122	3123	3124	3125	3126	3127	3128
579	0.00032375	0.00004625	0.00009250	12	488	489	490	497	498	506	578	580	589	660	661	669	0	0	2618	2621	2628	2669	2677	2732	3121	3129	3130	3131	3132	3133
580	0.00032375	0.00004625	0.00013875	14	489	498	500	507	508	509	570	579	581	651	653	660	669	670	0	0	2622	2678	2691	2738	2745	2752	3087	3129	3134	3135	3136	3137	3138	3139
581	0.00032375	0.00004625	0.00018500	21	490	491	492	500	501	508	509	510	571	572	573	580	582	589	590	652	654	661	663	671	672	0	0	2629	2633	2638	2692	2701	2746	2753	2758	3090	3096	3101	3134	3140	3141	3142	3143	3144	3145	3146	3147	3148
582	0.00032375	0.00004625	0.00023125	11	491	492	501	509	572	581	583	592	664	671	672	0	0	2634	2639	2702	2754	3097	3140	3149	3150	3151	3152	3153
583	0.00032375	0.00004625	0.00027750	11	492	493	502	510	511	574	582	584	663	664	673	0	0	2640	2645	2708	2759	2764	3106	3149	3154	3155	3156	3157
584	0.00032375	0.00004625	0.00032375	14	493	494	495	502	503	511	576	583	585	592	655	656	666	674	0	0	2646	2654	2657	2709	2716	2765	3113	3154	3158	3159	3160	3161	3162	3163
585	0.00032375	0.00004625	0.00037000	7	504	512	575	584	656	666	675	0	0	2722	2774	3110	3158	3164	3165	3166
586	0.00032375	0.00009250	0.00000000	14	496	497	505	515	577	578	587	595	658	659	667	668	676	677	0	0	2661	2670	2725	2786	3117	3122	3167	3168	3169	3170	3171	3172	3173	3174
587	0.00032375	0.00009250	0.00004625	12	496	497	498	505	507	578	586	596	659	667	677	678	0	0	2662	2671	2679	2726	2739	3123	3167	3175	3176	3177	3178	3179
588	0.00032375	0.00009250	0.00009250	9	516	517	589	597	661	668	669	677	678	0	0	2794	2800	3180	3181	3182	3183	3184	3185	3186
589	0.00032375	0.00009250	0.00013875	12	500	507	509	516	518	579	581	588	599	662	671	679	0	0	2693	2740	2755	2795	2806	3130	3141	3180	3187	3188	3189	3190
590	0.00032375	0.00009250	0.00018500	8	581	591	598	661	663	670	672	680	0	0	3142	3191	3192	3193	3194	3195	3196	3197
591	0.00032375	0.00009250	0.00023125	16	501	502	509	510	511	590	592	600	662	663	664	671	673	680	681	682	0	0	2703	2710	2756	2760	2766	3191	3198	3199	3200	3201	3202	3203	3204	3205	3206	3207
592	0.00032375	0.00009250	0.00027750	17	501	502	503	511	519	520	521	582	584	591	600	601	602	664	665	672	681	0	0	2704	2711	2717	2767	2810	2815	2822	3150	3159	3198	3208	3209	3210	3211	3212	3213	3214
593	0.00032375	0.00009250	0.00032375	10	502	503	511	513	520	521	602	665	675	682	0	0	2712	2718	2768	2776	2816	2823	3215	3216	3217	3218
594	0.00032375	0.00009250	0.00037000	5	503	522	665	674	683	0	0	2719	2826	3219	3220	3221
595	0.00032375	0.00013875	0.00000000	12	505	506	514	515	523	586	604	667	668	676	677	685	0	0	2727	2733	2780	2787	2831	3168	3222	3223	3224	3225	3226	3227
596	0.00032375	0.00013875	0.00004625	14	506	523	525	587	597	605	606	667	668	677	678	685	686	687	0	0	2734	2832	2847	3175	3228	3229	3230	3231	3232	3233	3234	3235	3236	3237
597	0.00032375	0.00013875	0.00009250	18	506	508	515	517	524	525	526	588	596	606	668	669	670	677	678	686	687	688	0	0	2735	2747	2788	2801	2839	2848	2855	3181	3228	3238	3239	3240	3241	3242	3243	3244	3245	3246
598	0.00032375	0.00013875	0.00013875	15	507	508	517	518	526	527	590	606	607	608	669	671	678	680	687	0	0	2741	2748	2802	2807	2856	2861	3192	3247	3248	3249	3250	3251	3252	3253	3254
599	0.00032375	0.00013875	0.00018500	10	517	526	527	589	607	608	671	672	680	688	0	0	2803	2857	2862	3187	3255	3256	3257	3258	3259	3260
600	0.00032375	0.00013875	0.00023125	11	520	591	592	608	672	673	680	681	689	690	691	0	0	2817	3199	3208	3261	3262	3263	3264	3265	3266	3267	3268
601	0.00032375	0.00013875	0.00027750	13	510	511	519	520	529	592	611	672	681	682	683	691	692	0	0	2761	2769	2811	2818	2876	3209	3269	3270	3271	3272	3273	3274	3275
602	0.00032375	0.00013875	0.00032375	13	511	522	529	530	592	593	603	610	611	612	673	682	684	0	0	2770	2827	2877	2882	3210	3215	3276	3277	3278	3279	3280	3281	3282
603	0.00032375	0.00013875	0.00037000	8	513	530	531	602	611	612	674	675	0	0	2777	2883	2889	3276	3283	3284	3285	3286
604	0.00032375	0.00018500	0.00000000	12	514	515	523	524	533	595	605	613	676	677	686	695	0	0	2781	2789	2833	2840	2901	3222	3287	3288	3289	3290	3291	3292
605	0.00032375	0.00018500	0.00004625	13	514	523	524	525	532	534	596	604	613	676	686	694	695	0	0	2782	2834	2841	2849	2893	2905	3229	3287	3293	3294	3295	3296	3297
606	0.00032375	0.00018500	0.00009250	17	515	524	525	534	535	596	597	598	607	614	677	678	679	686	688	696	697	0	0	2790	2842	2850	2906	2913	3230	3238	3247	3298	3299	3300	3301	3302	3303	3304	3305	3306
607	0.00032375	0.00018500	0.00013875	13	516	525	534	598	599	606	608	616	678	680	687	696	697	0	0	2796	2851	2907	3248	3255	3298	3307	3308	3309	3310	3311	3312	3313
608	0.00032375	0.00018500	0.00018500	14	519	528	535	598	599	600	607	609	617	618	679	681	688	697	0	0	2812	2869	2914	3249	3256	3261	3307	3314	3315	3316	3317	3318	3319	3320
609	0.00032375	0.00018500	0.00023125	14	520	527	528	529	537	538	608	610	618	619	680	690	698	700	0	0	2819	2863	2870	2878	2924	2929	3314	3321	3322	3323	3324	3325	3326	3327
610	0.00032375	0.00018500	0.00027750	12	521	528	529	530	537	538	602	609	611	619	700	701	0	0	2824	2871	2879	2884	2925	2930	3277	3321	3328	3329	3330	3331
611	0.00032375	0.00018500	0.00032375	13	522	530	538	539	540	601	602	603	610	612	620	682	700	0	0	2828	2885	2931	2937	2943	3269	3278	3283	3328	3332	3333	3334	3335
612	0.00032375	0.00018500	0.00037000	9	531	602	603	611	621	683	692	693	702	0	0	2890	3279	3284	3332	3336	3337	3338	3339	3340
613	0.00032375	0.00023125	0.00000000	11	523	524	532	542	604	605	685	686	694	703	704	0	0	2835	2843	2894	2952	3288	3293	3341	3342	3343	3344	3345
614	0.00032375	0.00023125	0.00004625	12	523	524	532	606	622	624	685	686	687	694	695	703	0	0	2836	2844	2895	3299	3346	3347	3348	3349	3350	3351	3352	3353
615	0.00032375	0.00023125	0.00009250	9	524	526	534	542	543	544	687	696	706	0	0	2845	2858	2908	2953	2959	2966	3354	3355	3356
616	0.00032375	0.00023125	0.00013875	12	525	534	543	544	607	624	687	696	697	698	706	707	0	0	2852	2909	2960	2967	3308	3357	3358	3359	3360	3361	3362	3363
617	0.00032375	0.00023125	0.00018500	8	536	544	546	608	626	627	706	708	0	0	2918	2968	2981	3315	3364	3365	3366	3367
618	0.00032375	0.00023125	0.00023125	14	527	528	536	538	545	608	609	619	689	690	691	699	700	709	0	0	2864	2872	2919	2932	2975	3316	3322	3368	3369	3370	3371	3372	3373	3374
619	0.00032375	0.00023125	0.00027750	13	529	537	539	546	548	609	610	618	620	627	628	690	710	0	0	2880	2926	2938	2982	2995	3323	3329	3368	3375	3376	3377	3378	3379
620	0.00032375	0.00023125	0.00032375	18	529	530	531	538	539	540	547	611	619	621	628	629	692	693	700	702	709	711	0	0	2881	2886	2891	2933	2939	2944	2989	3333	3375	3380	3381	3382	3383	3384	3385	3386	3387	3388
621	0.00032375	0.00023125	0.00037000	8	530	548	612	620	629	693	710	711	0	0	2887	2996	3336	3380	3389	3390	3391	3392
622	0.00032375	0.00027750	0.00000000	9	533	541	614	623	632	694	703	704	713	0	0	2902	2947	3346	3393	3394	3395	3396	3397	3398
623	0.00032375	0.00027750	0.00004625	12	532	541	542	550	622	624	632	633	694	695	704	712	0	0	2896	2948	2954	3005	3393	3399	3400	3401	3402	3403	3404	3405
624	0.00032375	0.00027750	0.00009250	16	534	542	543	551	553	614	616	623	633	696	697	704	705	713	714	715	0	0	2910	2955	2961	3010	3019	3347	3357	3399	3406	3407	3408	3409	3410	3411	3412	3413
625	0.00032375	0.00027750	0.00013875	15	535	536	543	544	545	553	554	626	633	634	697	706	714	715	716	0	0	2915	2920	2962	2969	2976	3020	3023	3414	3415	3416	3417	3418	3419	3420	3421
626	0.00032375	0.00027750	0.00018500	11	545	546	553	617	625	636	697	706	707	716	717	0	0	2977	2983	3021	3364	3414	3422	3423	3424	3425	3426	3427
627	0.00032375	0.00027750	0.00023125	17	536	537	546	547	554	555	556	617	619	628	636	637	700	707	709	716	718	0	0	2921	2927	2984	2990	3024	3029	3035	3365	3376	3428	3429	3430	3431	3432	3433	3434	3435
628	0.00032375	0.00027750	0.00027750	16	538	548	555	556	557	619	620	627	629	636	637	699	708	709	717	719	0	0	2934	2997	3030	3036	3046	3377	3381	3428	3436	3437	3438	3439	3440	3441	3442	3443
629	0.00032375	0.00027750	0.00032375	15	539	540	547	548	549	556	557	620	621	628	630	638	709	711	719	0	0	2940	2945	2991	2998	3002	3037	3047	3382	3389	3436	3444	3445	3446	3447	3448
630	0.00032375	0.00027750	0.00037000	8	539	629	638	701	702	711	719	720	0	0	2941	3444	3449	3450	3451	3452	3453	3454
631	0.00032375	0.00032375	0.00000000	8	550	551	559	560	641	703	704	722	0	0	3006	3011	3055	3059	3455	3456	3457	3458
632	0.00032375	0.00032375	0.00004625	11	541	542	543	561	622	623	703	704	712	721	722	0	0	2949	2956	2963	3061	3394	3400	3459	3460	3461	3462	3463
633	0.00032375	0.00032375	0.00009250	15	542	543	544	552	560	623	624	625	634	641	706	714	715	723	724	0	0	2957	2964	2970	3013	3060	3401	3406	3415	3464	3465	3466	3467	3468	3469	3470
634	0.00032375	0.00032375	0.00013875	11	544	554	561	625	633	705	706	714	723	724	725	0	0	2971	3025	3062	3416	3464	3471	3472	3473	3474	3475	3476
635	0.00032375	0.00032375	0.00018500	10	546	553	555	563	564	643	706	708	715	716	0	0	2985	3022	3031	3066	3067	3477	3478	3479	3480	3481
636	0.00032375	0.00032375	0.00023125	14	545	547	555	556	564	565	626	627	628	645	707	716	717	726	0	0	2978	2992	3032	3038	3068	3070	3422	3429	3437	3482	3483	3484	3485	3486
637	0.00032375	0.00032375	0.00027750	10	548	556	557	564	566	627	628	646	647	708	0	0	2999	3039	3048	3069	3075	3430	3438	3487	3488	3489
638	0.00032375	0.00032375	0.00032375	15	549	556	558	565	566	567	629	630	639	646	647	710	718	720	728	0	0	3003	3040	3053	3071	3076	3080	3445	3449	3490	3491	3492	3493	3494	3495	3496
639	0.00032375	0.00032375	0.00037000	6	548	557	566	638	711	729	0	0	3000	3049	3077	3490	3497	3498
640	0.00032375	0.00037000	0.00000000	2	559	641	0	0	3056	3499
641	0.00032375	0.00037000	0.00004625	10	551	552	559	631	633	640	642	712	714	723	0	0	3012	3014	3057	3455	3465	3499	3500	3501	3502	3503
642	0.00032375	0.00037000	0.00009250	4	552	641	723	724	0	0	3015	3500	3504	3505
643	0.00032375	0.00037000	0.00013875	7	552	554	562	635	644	714	716	0	0	3016	3026	3063	3477	3506	3507	3508
644	0.00032375	0.00037000	0.00018500	9	554	562	643	645	715	716	717	724	725	0	0	3027	3064	3506	3509	3510	3511	3512	3513	3514
645	0.00032375	0.00037000	0.00023125	8	555	556	636	644	646	716	717	726	0	0	3033	3041	3482	3509	3515	3516	3517	3518
646	0.00032375	0.00037000	0.00027750	10	556	557	565	637	638	645	647	717	718	728	0	0	3042	3050	3072	3487	3491	3515	3519	3520	3521	3522
647	0.00032375	0.00037000	0.00032375	8	565	566	637	638	646	718	720	728	0	0	3073	3078	3488	3492	3519	3523	3524	3525
648	0.00032375	0.00037000	0.00037000	5	557	558	566	728	729	0	0	3051	3054	3079	3526	3527
649	0.00037000	0.00000000	0.00000000	2	569	0	0	1	3084	3528
650	0.00037000	0.00000000	0.00004625	4	570	577	578	0	0	1	3088	3118	3124	3529
651	0.00037000	0.00000000	0.00009250	3	569	580	0	0	1	3085	3135	3530
652	0.00037000	0.00000000	0.00013875	4	570	572	581	0	0	1	3089	3098	3143	3531
653	0.00037000	0.00000000	0.00018500	3	571	580	0	0	1	3091	3136	3532
654	0.00037000	0.00000000	0.00023125	4	573	574	581	0	0	1	3102	3107	3144	3533
655	0.00037000	0.00000000	0.00027750	3	574	584	0	0	1	3108	3160	3534
656	0.00037000	0.00000000	0.00032375	4	575	584	585	0	0	1	3111	3161	3164	3535
657	0.00037000	0.00000000	0.00037000	2	576	0	0	1	3114	3536
658	0.00037000	0.00004625	0.00000000	4	569	578	586	0	0	1	3086	3125	3169	3537
659	0.00037000	0.00004625	0.00004625	4	568	586	587	0	0	1	3082	3170	3176	3538
660	0.00037000	0.00004625	0.00009250	5	571	578	579	580	0	0	1	3092	3126	3131	3137	3539
661	0.00037000	0.00004625	0.00013875	7	571	572	579	581	588	590	0	0	1	3093	3099	3132	3145	3182	3193	3540
662	0.00037000	0.00004625	0.00018500	5	571	573	589	591	0	0	1	3094	3103	3188	3200	3541
663	0.00037000	0.00004625	0.00023125	6	572	581	583	590	591	0	0	1	3100	3146	3155	3194	3201	3542
664	0.00037000	0.00004625	0.00027750	7	573	574	582	583	591	592	0	0	1	3104	3109	3151	3156	3202	3211	3543
665	0.00037000	0.00004625	0.00032375	5	576	592	593	594	0	0	1	3115	3212	3216	3219	3544
666	0.00037000	0.00004625	0.00037000	5	575	576	584	585	0	0	1	3112	3116	3162	3165	3545
667	0.00037000	0.00009250	0.00000000	7	577	578	586	587	595	596	0	0	1	3119	3127	3171	3177	3223	3231	3546
668	0.00037000	0.00009250	0.00004625	8	577	578	586	588	595	596	597	0	0	1	3120	3128	3172	3183	3224	3232	3239	3547
669	0.00037000	0.00009250	0.00009250	6	579	580	588	597	598	0	0	1	3133	3138	3184	3240	3250	3548
670	0.00037000	0.00009250	0.00013875	4	580	590	597	0	0	1	3139	3195	3241	3549
671	0.00037000	0.00009250	0.00018500	7	581	582	589	591	598	599	0	0	1	3147	3152	3189	3203	3251	3257	3550
672	0.00037000	0.00009250	0.00023125	8	581	582	590	592	599	600	601	0	0	1	3148	3153	3196	3213	3258	3262	3270	3551
673	0.00037000	0.00009250	0.00027750	5	583	591	600	602	0	0	1	3157	3204	3263	3280	3552
674	0.00037000	0.00009250	0.00032375	4	584	594	603	0	0	1	3163	3220	3285	3553
675	0.00037000	0.00009250	0.00037000	4	585	593	603	0	0	1	3166	3217	3286	3554
676	0.00037000	0.00013875	0.00000000	5	586	595	604	605	0	0	1	3173	3225	3289	3294	3555
677	0.00037000	0.00013875	0.00004625	9	586	587	588	595	596	597	604	606	0	0	1	3174	3178	3185	3226	3233	3242	3290	3300	3556
678	0.00037000	0.00013875	0.00009250	8	587	588	596	597	598	606	607	0	0	1	3179	3186	3234	3243	3252	3301	3309	3557
679	0.00037000	0.00013875	0.00013875	4	589	606	608	0	0	1	3190	3302	3317	3558
680	0.00037000	0.00013875	0.00018500	8	590	591	598	599	600	607	609	0	0	1	3197	3205	3253	3259	3264	3310	3324	3559
681	0.00037000	0.00013875	0.00023125	6	591	592	600	601	608	0	0	1	3206	3214	3265	3271	3318	3560
682	0.00037000	0.00013875	0.00027750	6	591	593	601	602	611	0	0	1	3207	3218	3272	3281	3334	3561
683	0.00037000	0.00013875	0.00032375	4	594	601	612	0	0	1	3221	3273	3337	3562
684	0.00037000	0.00013875	0.00037000	2	602	0	0	1	3282	3563
685	0.00037000	0.00018500	0.00000000	5	595	596	613	614	0	0	1	3227	3235	3341	3348	3564
686	0.00037000	0.00018500	0.00004625	8	596	597	604	605	606	613	614	0	0	1	3236	3244	3291	3295	3303	3342	3349	3565
687	0.00037000	0.00018500	0.00009250	8	596	597	598	607	614	615	616	0	0	1	3237	3245	3254	3311	3350	3354	3358	3566
688	0.00037000	0.00018500	0.00013875	5	597	599	606	608	0	0	1	3246	3260	3304	3319	3567
689	0.00037000	0.00018500	0.00018500	3	600	618	0	0	1	3266	3369	3568
690	0.00037000	0.00018500	0.00023125	5	600	609	618	619	0	0	1	3267	3325	3370	3378	3569
691	0.00037000	0.00018500	0.00027750	4	600	601	618	0	0	1	3268	3274	3371	3570
692	0.00037000	0.00018500	0.00032375	4	601	612	620	0	0	1	3275	3338	3383	3571
693	0.00037000	0.00018500	0.00037000	4	612	620	621	0	0	1	3339	3384	3390	3572
694	0.00037000	0.00023125	0.00000000	6	605	613	614	622	623	0	0	1	3296	3343	3351	3395	3402	3573
695	0.00037000	0.00023125	0.00004625	5	604	605	614	623	0	0	1	3292	3297	3352	3403	3574
696	0.00037000	0.00023125	0.00009250	6	606	607	615	616	624	0	0	1	3305	3312	3355	3359	3407	3575
697	0.00037000	0.00023125	0.00013875	8	606	607	608	616	624	625	626	0	0	1	3306	3313	3320	3360	3408	3417	3423	3576
698	0.00037000	0.00023125	0.00018500	3	609	616	0	0	1	3326	3361	3577
699	0.00037000	0.00023125	0.00023125	3	618	628	0	0	1	3372	3439	3578
700	0.00037000	0.00023125	0.00027750	7	609	610	611	618	620	627	0	0	1	3327	3330	3335	3373	3385	3431	3579
701	0.00037000	0.00023125	0.00032375	3	610	630	0	0	1	3331	3450	3580
702	0.00037000	0.00023125	0.00037000	4	612	620	630	0	0	1	3340	3386	3451	3581
703	0.00037000	0.00027750	0.00000000	6	613	614	622	631	632	0	0	1	3344	3353	3396	3456	3459	3582
704	0.00037000	0.00027750	0.00004625	7	613	622	623	624	631	632	0	0	1	3345	3397	3404	3409	3457	3460	3583
705	0.00037000	0.00027750	0.00009250	3	624	634	0	0	1	3410	3471	3584
706	0.00037000	0.00027750	0.00013875	9	615	616	617	625	626	633	634	635	0	0	1	3356	3362	3366	3418	3424	3466	3472	3478	3585
707	0.00037000	0.00027750	0.00018500	5	616	626	627	636	0	0	1	3363	3425	3432	3483	3586
708	0.00037000	0.00027750	0.00023125	5	617	628	635	637	0	0	1	3367	3440	3479	3489	3587
709	0.00037000	0.00027750	0.00027750	6	618	620	627	628	629	0	0	1	3374	3387	3433	3441	3446	3588
710	0.00037000	0.00027750	0.00032375	4	619	621	638	0	0	1	3379	3391	3493	3589
711	0.00037000	0.00027750	0.00037000	6	620	621	629	630	639	0	0	1	3388	3392	3447	3452	3497	3590
712	0.00037000	0.00032375	0.00000000	4	623	632	641	0	0	1	3405	3461	3501	3591
713	0.00037000	0.00032375	0.00004625	3	622	624	0	0	1	3398	3411	3592
714	0.00037000	0.00032375	0.00009250	7	624	625	633	634	641	643	0	0	1	3412	3419	3467	3473	3502	3507	3593
715	0.00037000	0.00032375	0.00013875	6	624	625	633	635	644	0	0	1	3413	3420	3468	3480	3510	3594
716	0.00037000	0.00032375	0.00018500	9	625	626	627	635	636	643	644	645	0	0	1	3421	3426	3434	3481	3484	3508	3511	3516	3595
717	0.00037000	0.00032375	0.00023125	7	626	628	636	644	645	646	0	0	1	3427	3442	3485	3512	3517	3520	3596
718	0.00037000	0.00032375	0.00027750	5	627	638	646	647	0	0	1	3435	3494	3521	3523	3597
719	0.00037000	0.00032375	0.00032375	4	628	629	630	0	0	1	3443	3448	3453	3598
720	0.00037000	0.00032375	0.00037000	4	630	638	647	0	0	1	3454	3495	3524	3599
721	0.00037000	0.00037000	0.00000000	2	632	0	0	1	3462	3600
722	0.00037000	0.00037000	0.00004625	3	631	632	0	0	1	3458	3463	3601
723	0.00037000	0.00037000	0.00009250	5	633	634	641	642	0	0	1	3469	3474	3503	3504	3602
724	0.00037000	0.00037000	0.00013875	5	633	634	642	644	0	0	1	3470	3475	3505	3513	3603
725	0.00037000	0.00037000	0.00018500	3	634	644	0	0	1	3476	3514	3604
726	0.00037000	0.00037000	0.00023125	3	636	645	0	0	1	3486	3518	3605
727	0.00037000	0.00037000	0.00027750	1	0	0	1	3606
728	0.00037000	0.00037000	0.00032375	5	638	646	647	648	0	0	1	3496	3522	3525	3526	3607
729	0.00037000	0.00037000	0.00037000	3	639	648	0	0	1	3498	3527	3608
